1 0.8171875 0.23352699220135992 0.028125 0.13766362646343316
0 0.93046875 0.39146169116808766 0.015625 0.1110284035907962
0 0.88828125 0.2760821308632373 0.015625 0.1250909035907961
0 0.4234375 0.30066151268942354 0.0125 0.14851022287263688
1 0.59140625 0.3543717990883647 0.0109375 0.08287613251355737
1 0.58203125 0.4348950912428425 0.015625 0.09071590359079629
1 0.21640625 0.4924909852674729 0.015625 0.2219659035907961
1 0.18359375 0.6301818828081449 0.0140625 0.11570681323171642
1 0.14375 0.7663511869646752 0.0140625 0.08289431323171659
0 0.1015625 0.7697216266598248 0.0140625 0.02976931323171659
0 0.09765625 0.7142756025575239 0.0234375 0.053261355386194253
0 0.0953125 0.6275704880961432 0.0125 0.08757272287263689