1 0.008010547124447404 0.7054914758976991 0.00933058996629616 0.26098295179539815
1 0.01704011347942193 0.6461710180521767 0.02869873438371016 0.36734203610435345
0 0.056043005264557286 0.5018715722087069 0.05033738504764011 0.326844301131468
1 0.13158388162979456 0.5952766594445287 0.046666963502863014 0.233076120413309
1 0.17928960772388533 0.46977721057599686 0.04146131303532483 0.14398634933607007
1 0.2796117945903646 0.39145728873663216 0.04919199980360824 0.1299693011314682
0 0.2975123668972675 0.3798430778660477 0.04120678298109555 0.10023634933607006
1 0.43996296642972926 0.2916123457218328 0.044895385244031874 0.19712953005422928
0 0.4619743218159235 0.31517711074894744 0.049819234580101936 0.2377818011314682
0 0.5752288216195318 0.44551911660267984 0.044395415494652826 0.11119203005422928
1 0.5946237162333375 0.42219524609117515 0.046185174471643366 0.15026362041330898
0 0.6111163246445939 0.4371344448615111 0.03371244554888229 0.15487839754067192
0 0.719333866504484 0.6416633844584648 0.03637383723582168 0.07520907825883114
1 0.7833276679305399 0.4959468843602691 0.057649915298261155 0.24095225292686634
1 0.8284351139704013 0.32668379995311775 0.04139768052176755 0.13304884933607006
1 0.8707993550916067 0.22302753482780724 0.03971700585373235 0.11272725897699046