0 0.03046875 0.6927914879979474 0.0375 0.30959316861791086
1 0.06484375 0.7293102500981958 0.0390625 0.25491475897699034
1 0.08046875 0.6721880965073996 0.0390625 0.35803975897699053
0 0.12421875 0.5274023164531704 0.0375 0.31584316861791084
1 0.2015625 0.6152335936787293 0.0375 0.22521816861791083
1 0.24375 0.48998815398357964 0.034375 0.13926248789975162
1 0.3390625 0.409746142079723 0.04375 0.1252545300542293
0 0.35625 0.39714614812984717 0.0375 0.09553066861791085
1 0.4921875 0.30573028688992043 0.0375 0.19084316861791084
0 0.5140625 0.3274780218628058 0.0375 0.22990566861791084
0 0.628125 0.44947067564999366 0.0375 0.10646816861791084
1 0.64609375 0.42514738652057804 0.0375 0.14553066861791084
0 0.66328125 0.43910989257070226 0.028125 0.15016362646343318
0 0.77421875 0.6329957270760495 0.0328125 0.07206589754067191
1 0.83203125 0.48812813379010356 0.046875 0.2330852107723885
1 0.87109375 0.3222758748131131 0.034375 0.1283249878997516
1 0.909375 0.2197094110156625 0.034375 0.10801248789975162