1 0.79453125 0.3546875 0.03125 0.2703125
0 0.24453125 0.54453125 0.021875 0.2296875
0 0.6671875 0.49453125 0.0171875 0.1421875
0 0.38828125 0.71640625 0.015625 0.1265625
0 0.125 0.61953125 0.01875 0.1546875
0 0.1140625 0.4859375 0.0140625 0.1921875
0 0.18515625 0.48671875 0.015625 0.1484375
0 0.22734375 0.28828125 0.028125 0.29375
1 0.721875 0.60859375 0.0171875 0.1171875
0 0.596875 0.525 0.0140625 0.1078125
1 0.5203125 0.609375 0.021875 0.0875
1 0.3421875 0.70859375 0.01875 0.109375
0 0.28828125 0.7046875 0.0171875 0.1171875
1 0.16875 0.50078125 0.0140625 0.1