1 0.8212316680287355 0.4313258481577197 0.02976126463433104 0.28141362646343315
0 0.2529139809658646 0.6366061622731991 0.020149915298261156 0.24073408430895532
0 0.6916219569617595 0.5782230531745716 0.016479493753483964 0.14696590359079612
0 0.40706164636232156 0.8132782674630015 0.01638859016268803 0.13134090359079592
0 0.1307213392789251 0.715580069085449 0.018132897344280252 0.16259999394987582
0 0.11584979732083914 0.5764357558537325 0.012101065962191048 0.20006363251355735
0 0.19006400214129932 0.5760862979100143 0.013390855189802542 0.1531977228726369
0 0.22792202956324997 0.36928230688700475 0.026781710379605084 0.3063954457452739
1 0.7509020290722707 0.6965326916400573 0.01633404800821019 0.12196590359079629
0 0.6199423996819713 0.6113986466569091 0.013154505853732346 0.1125727228726369
1 0.5415588453290493 0.7007833335233885 0.02240224082661797 0.09075226502711473
1 0.35858323974646333 0.8059652163315334 0.017842005853732523 0.11259999394987581
0 0.3023196042078439 0.8032942134046671 0.01633404800821019 0.12196590359079593
1 0.1721861557320955 0.5916067587805987 0.013099963699254768 0.10319772287263689