0 0.12067313182618626 0.4655300721105111 0.02341127068445541 0.2641897650271147
0 0.1654008663080923 0.7681238069852007 0.021394252730474506 0.18605567466803502
1 0.18693043266306683 0.7088760720123153 0.01997719847574837 0.21104658430895534
1 0.22250834259857483 0.5129959454506863 0.014644282981095547 0.10008181323171658
1 0.28102027936685825 0.499274333916172 0.01281816256778665 0.05476022287263689
1 0.30043737899751594 0.345486258584207 0.01713399960721649 0.2594659035907962
0 0.36071634884509074 0.36692998740877225 0.014816999803608333 0.1297693132317166
0 0.4646190954272452 0.6354941559284872 0.030769252730474504 0.1861102168225127
0 0.6510883814334029 0.7279821586589618 0.024264722676245222 0.14232385538619424
0 0.7859946465587133 0.6857997247193486 0.013163596212812045 0.11413522287263689
1 0.8516327612164856 0.5541548149802324 0.013118144417413902 0.10632272287263689
1 0.8953186078220814 0.40910139021400155 0.01319086729005079 0.11882272287263689
1 0.9613561773985095 0.21183602565442508 0.01134656615858276 0.07037613251355737