0 0.90625 0.4681650917338217 0.0125 0.09538522287263689
1 0.86484375 0.40824973624943156 0.01875 0.18292158430895533
1 0.8546875 0.5294025735834491 0.0109375 0.06412613251355737
1 0.81484375 0.5460406277399794 0.0125 0.09226022287263688
1 0.79609375 0.6836497120489348 0.0171875 0.14541249394987582
0 0.78046875 0.7204593656397309 0.0171875 0.12978749394987582
0 0.74453125 0.5183246938985622 0.0140625 0.1766443132317166
0 0.70234375 0.4552888835937118 0.0109375 0.12818863251355736
0 0.5125 0.5024871122218854 0.0140625 0.14695681323171658
1 0.46953125 0.37617459709657486 0.0109375 0.08600113251355727
0 0.425 0.38658992233034395 0.0203125 0.10480567466803503
1 0.3140625 0.16379783782499685 0.0234375 0.08919885538619425
1 0.29140625 0.23189839803165127 0.0140625 0.07820681323171659
1 0.05546875 0.5676460422526736 0.0140625 0.10633181323171659
1 0.13671875 0.4523295935805335 0.0140625 0.07039431323171659