0 0.0234375 0.55078125 0.0125 0.2015625
1 0.18671875 0.20625 0.015625 0.06328125
0 0.24765625 0.37890625 0.01640625 0.2234375
1 0.30390625 0.3453125 0.01796875 0.07734375
0 0.36796875 0.39296875 0.01484375 0.06875
0 0.3734375 0.49921875 0.0109375 0.18125
0 0.4421875 0.62890625 0.00859375 0.28515625
0 0.49375 0.83828125 0.02109375 0.18125
1 0.51875 0.7203125 0.01796875 0.1984375
1 0.57109375 0.52421875 0.01640625 0.121875
1 0.6453125 0.43125 0.01484375 0.06484375
1 0.67578125 0.3296875 0.01796875 0.184375
0 0.74765625 0.471875 0.01796875 0.1921875
0 0.8609375 0.696875 0.01953125 0.1875
0 0.934375 0.8421875 0.01171875 0.15390625