0 0.14122742535540608 0.43359375 0.01388173458010189 0.2375
0 0.17872638359371182 0.70234375 0.011891987703359863 0.1640625
1 0.19774909436610036 0.65546875 0.013599933448633727 0.1890625
1 0.23004903083979622 0.475 0.009865879390299348 0.084375
1 0.30197909387512106 0.33125 0.010720373143783402 0.23125
0 0.35422739510478507 0.34765625 0.010047686571891746 0.115625
0 0.43877407016560355 0.58671875 0.01655221662612103 0.159375
1 0.47954854020957016 0.6953125 0.009993144417413901 0.10625
1 0.5319109918085765 0.5578125 0.011473831185697492 0.0921875
0 0.6007831907753042 0.67109375 0.013227228726369411 0.125
1 0.8133615005891752 0.3890625 0.008385192622015935 0.0984375
1 0.8729415545493137 0.21953125 0.00970225292686635 0.05625
0 0.9099102894240032 0.1765625 0.011755632317165522 0.140625