0 0.03671875 0.6 0.01640625 0.1703125
0 0.115625 0.81328125 0.01640625 0.2015625
1 0.18359375 0.6515625 0.021875 0.14296875
0 0.2734375 0.82265625 0.01484375 0.1921875
1 0.36171875 0.91640625 0.01796875 0.11484375
1 0.4390625 0.8453125 0.01640625 0.128125
1 0.503125 0.78203125 0.0125 0.10390625
1 0.52109375 0.690625 0.01640625 0.146875
1 0.57734375 0.5703125 0.0140625 0.171875
1 0.5859375 0.47265625 0.0140625 0.1390625
1 0.659375 0.23515625 0.01953125 0.06484375
1 0.678125 0.1921875 0.01484375 0.06171875
0 0.7578125 0.3171875 0.01640625 0.15546875
1 0.81953125 0.2234375 0.0125 0.10078125
0 0.87265625 0.17890625 0.01640625 0.18125
0 0.928125 0.35390625 0.01796875 0.21015625