0 0.0359375 0.91171875 0.01484375 0.16796875
0 0.0828125 0.9015625 0.0140625 0.190625
1 0.0921875 0.915625 0.01484375 0.1671875
1 0.13984375 0.84375 0.015625 0.1
1 0.15 0.74375 0.015625 0.1453125
0 0.20546875 0.7359375 0.0140625 0.06015625
0 0.240625 0.91171875 0.015625 0.17578125
1 0.41171875 0.940625 0.015625 0.1171875
1 0.42109375 0.86171875 0.01484375 0.06875
1 0.47734375 0.88125 0.01796875 0.1078125
1 0.49765625 0.78359375 0.01875 0.1578125
1 0.51640625 0.68125 0.015625 0.08125
1 0.55703125 0.65 0.01796875 0.1828125
1 0.56484375 0.53828125 0.015625 0.159375
1 0.5734375 0.43828125 0.0140625 0.1078125
1 0.64140625 0.2640625 0.015625 0.0765625
1 0.6609375 0.2171875 0.01484375 0.06875
1 0.66953125 0.1625 0.01484375 0.05859375
0 0.6984375 0.22109375 0.0171875 0.19375
0 0.74765625 0.3578125 0.01640625 0.178125
1 0.75703125 0.3265625 0.0171875 0.23515625
0 0.80546875 0.26875 0.015625 0.075
1 0.81484375 0.24765625 0.01484375 0.11328125
1 0.82578125 0.17421875 0.015625 0.06953125
1 0.8453125 0.11328125 0.0125 0.07578125
0 0.8546875 0.13671875 0.01484375 0.1234375
0 0.8734375 0.19296875 0.0140625 0.21328125
1 0.89453125 0.2359375 0.015625 0.11015625
0 0.91328125 0.2359375 0.01484375 0.06328125
0 0.93359375 0.39453125 0.015625 0.23828125
0 0.95859375 0.53671875 0.02734375 0.11875