1 0.8937211662802198 0.40259917906783926 0.018423788834827804 0.2125999939498758
1 0.8773189405789126 0.5362838326586354 0.01290906615858276 0.07038522287263689
1 0.8319337177062757 0.5490474530719444 0.011528373340175336 0.10162613251355737
1 0.8036900221573934 0.7038940343558376 0.015007897344280253 0.16258181323171658
0 0.7847036728213233 0.744628118664793 0.018078355189802588 0.15322499394987582
0 0.7579331363241864 0.5119792451282261 0.018296523807713426 0.1907249939498758
0 0.7162274253554062 0.42941218482337584 0.016443132317165522 0.1407159035907961
0 0.5136382356602563 0.4727768863241863 0.01655221662612103 0.1594659035907963
0 0.4299677384889268 0.3521740157144857 0.023992011903856712 0.09544885538619426
1 0.13604956684595387 0.38278925322145385 0.01290906615858276 0.07038522287263689
1 0.04708199473544271 0.5012716085094523 0.01628859621281209 0.11415340359079629