1 0.13643046291368785 0.621875 0.025709048008210188 0.121875
0 0.2520696193331544 0.75859375 0.038472668421519085 0.1671875
1 0.35441843539354134 0.89375 0.02238406010845857 0.0875
1 0.3571389144144984 0.82421875 0.02083974082661779 0.090625
1 0.43095768861499517 0.75546875 0.024055644417413903 0.10625
1 0.49469748086766874 0.7 0.017732921544777014 0.09375
1 0.5075242129136879 0.621875 0.022629499803608157 0.1296875
1 0.5568651618804156 0.50859375 0.02270222267624522 0.1421875
1 0.5563697373105765 0.4234375 0.027262457649130666 0.1203125
1 0.6152715177575891 0.2078125 0.017542024004105095 0.0609375
0 0.6712851684215191 0.1671875 0.030560174471643366 0.15
1 0.7381368460164204 0.24375 0.022920391294156062 0.1796875
0 0.8492329064194666 0.13671875 0.029106758780598697 0.16875
0 0.9227391049934109 0.2828125 0.03388516237139498 0.184375