0 0.02890625 0.7 0.0171875 0.16875
1 0.08984375 0.64375 0.01875 0.0890625
1 0.1 0.56328125 0.01875 0.1171875
0 0.1890625 0.715625 0.01875 0.1703125
1 0.28125 0.8 0.021875 0.0921875
1 0.3578125 0.7390625 0.0203125 0.1078125
1 0.425 0.684375 0.0203125 0.0890625
1 0.4484375 0.61171875 0.0171875 0.13125
1 0.50703125 0.5 0.0234375 0.15
1 0.52109375 0.41953125 0.0171875 0.1265625
1 0.60234375 0.2015625 0.015625 0.0609375
1 0.6234375 0.16328125 0.015625 0.0578125
0 0.6609375 0.16796875 0.015625 0.15625
0 0.703125 0.27890625 0.015625 0.1421875
1 0.71171875 0.25625 0.021875 0.1875
1 0.77265625 0.196875 0.0171875 0.0921875
1 0.80546875 0.08984375 0.015625 0.059375
0 0.83125 0.15625 0.015625 0.171875
1 0.8484375 0.19296875 0.01875 0.0921875
0 0.88046875 0.31953125 0.0171875 0.1921875