0 0.05234375 0.5953125 0.0234375 0.18984375
1 0.1734375 0.61484375 0.0125 0.11171875
0 0.25625 0.75390625 0.0140625 0.1546875
1 0.3390625 0.82890625 0.0140625 0.0828125
1 0.4859375 0.6484375 0.0140625 0.12578125
1 0.5421875 0.54140625 0.015625 0.1515625
1 0.5515625 0.4515625 0.01640625 0.12734375
1 0.63046875 0.22265625 0.01640625 0.06015625
1 0.65 0.18125 0.0171875 0.0625
0 0.68828125 0.18046875 0.01015625 0.16484375
0 0.73515625 0.29453125 0.01328125 0.15703125
1 0.8078125 0.1984375 0.01640625 0.1046875
0 0.86796875 0.14765625 0.0109375 0.18515625
0 0.92265625 0.31953125 0.0078125 0.2015625