0 0.025 0.5443858042547262 0.0265625 0.1939045361043535
0 0.09453125 0.6994500332756831 0.0140625 0.1657068132317166
1 0.16015625 0.5709432381943392 0.01875 0.11417158430895533
0 0.24296875 0.7126489491631194 0.015625 0.1594659035907963
1 0.328125 0.7902785245932803 0.01875 0.08760908430895534
1 0.39921875 0.7359586632551577 0.015625 0.09696590359079611
1 0.41015625 0.6687075307416004 0.015625 0.050090903590796286
1 0.4609375 0.6848183440715128 0.015625 0.08446590359079628
1 0.48125 0.6143876694034777 0.015625 0.11884090359079628
1 0.53828125 0.5163996212970717 0.01875 0.13917158430895532
1 0.55 0.43351894360397464 0.01875 0.11729658430895533
1 0.62578125 0.2330780611886131 0.0171875 0.05791249394987581
0 0.68125 0.20384910344128668 0.0140625 0.14695681323171658
0 0.7203125 0.30674684446429623 0.015625 0.1344659035907962
1 0.784375 0.23137413974203191 0.015625 0.08446590359079612
1 0.81328125 0.131205968099059 0.015625 0.0563409035907962
1 0.8546875 0.2262775735834491 0.0140625 0.08289431323171659
0 0.884375 0.3425111067609364 0.015625 0.1735284035907961