0 0.9880924359827166 0.4989560286003011 0.011637457649130312 0.12037613251355736
1 0.9407765535673551 0.42344748937268956 0.017034005657340857 0.2422784035907961
1 0.9260105925003789 0.5711946429634857 0.011401108313060604 0.07975113251355737
1 0.8792537671684141 0.5917798537358743 0.013136325135572946 0.10944772287263689
1 0.8513383663080922 0.7622605253788473 0.015107891294156062 0.17976931323171658
0 0.8344326674395605 0.810798019328723 0.011928349139678218 0.17037613251355738
0 0.7969361708574061 0.5430383475875542 0.012164698475748281 0.21100113251355737
0 0.7495657462875668 0.45815480835994277 0.01343630698520073 0.1610102228726369
1 0.6161436713483853 0.21986044370217042 0.012754530054229284 0.04382272287263698
0 0.5193288004440971 0.4993393863241863 0.018278343089554026 0.1875999939498758
0 0.4948686350476401 0.3236944917103806 0.01771474082661779 0.0907249939498758
1 0.46833340612487895 0.32853652781473414 0.016261325135573303 0.10946590359079611
0 0.4168527193565955 0.3428990096643615 0.025790861239926778 0.13608294574527396
1 0.25384768354682963 0.12274611182910193 0.01936814441741399 0.10635908430895542
0 0.19532717730031365 0.26996654547412746 0.01281816256778665 0.05476022287263689
1 0.05620611084714329 0.3949988826117532 0.019295421544777057 0.09385908430895533