0 0.87421875 0.47109375 0.00859375 0.08984375
1 0.8375 0.4125 0.01171875 0.1734375
1 0.8234375 0.52734375 0.00859375 0.06015625
1 0.78515625 0.54140625 0.00859375 0.08671875
1 0.7625 0.6703125 0.0109375 0.13671875
0 0.74765625 0.7046875 0.01171875 0.121875
0 0.71953125 0.5125 0.0078125 0.1671875
0 0.68203125 0.45078125 0.00703125 0.1203125
0 0.50078125 0.4890625 0.009375 0.1390625
1 0.46328125 0.3671875 0.00859375 0.08046875
0 0.421875 0.37578125 0.01640625 0.0984375
1 0.32421875 0.16015625 0.01875 0.08359375
1 0.3 0.2234375 0.01015625 0.0734375
1 0.06640625 0.5328125 0.01015625 0.1
1 0.146875 0.4265625 0.01015625 0.065625