0 0.0859375 0.48671875 0.015625 0.134375
1 0.21484375 0.53125 0.01875 0.10625
0 0.29609375 0.65703125 0.0125 0.14375
1 0.3765625 0.7265625 0.015625 0.0796875
1 0.4421875 0.67265625 0.015625 0.096875
1 0.49765625 0.6265625 0.0125 0.078125
1 0.5140625 0.559375 0.0140625 0.1078125
1 0.5640625 0.46875 0.015625 0.1359375
1 0.5703125 0.39140625 0.0125 0.1125
1 0.634375 0.2046875 0.0125 0.0546875
1 0.65078125 0.1703125 0.0140625 0.05625
0 0.72265625 0.26484375 0.015625 0.1234375
1 0.78046875 0.19140625 0.015625 0.078125
1 0.84375 0.1859375 0.0125 0.08125
0 0.87734375 0.2953125 0.0125 0.1625