0 0.065625 0.759375 0.0140625 0.17890625
1 0.07421875 0.76796875 0.0171875 0.1609375
1 0.13515625 0.61796875 0.01953125 0.12734375
0 0.23046875 0.7765625 0.01640625 0.175
1 0.32734375 0.865625 0.01953125 0.09453125
1 0.40703125 0.803125 0.015625 0.1125
1 0.47578125 0.74609375 0.0171875 0.0921875
1 0.49765625 0.665625 0.01796875 0.1296875
1 0.559375 0.5546875 0.015625 0.1609375
1 0.56953125 0.459375 0.01640625 0.128125
1 0.65234375 0.23125 0.01640625 0.059375
1 0.67265625 0.190625 0.015625 0.05625
0 0.76171875 0.3125 0.01640625 0.153125
1 0.77109375 0.28671875 0.01640625 0.2
1 0.83203125 0.22265625 0.01484375 0.096875
1 0.86328125 0.109375 0.015625 0.0640625
0 0.89375 0.17890625 0.01328125 0.1796875
1 0.9140625 0.21796875 0.015625 0.0953125