0 0.86328125 0.33515625 0.0203125 0.175
1 0.7625 0.2296875 0.015625 0.08125
1 0.71015625 0.28203125 0.015625 0.175
0 0.70390625 0.30703125 0.0171875 0.1359375
1 0.625 0.2046875 0.01875 0.0546875
1 0.6078125 0.240625 0.015625 0.053125
1 0.5421875 0.43671875 0.0203125 0.1203125
1 0.5328125 0.515625 0.0265625 0.1359375
1 0.48046875 0.6125 0.0171875 0.1203125
1 0.4609375 0.68828125 0.0171875 0.0953125
1 0.33515625 0.796875 0.021875 0.0875
0 0.2484375 0.71796875 0.0203125 0.1609375
0 0.0296875 0.56328125 0.0328125 0.196875