0 0.06953125 0.303501729020957 0.0203125 0.16730567466803503
0 0.1265625 0.44301368091455096 0.01875 0.25323408430895533
0 0.17578125 0.716164834603543 0.0171875 0.1719749939498758
1 0.19375 0.6605915454741275 0.0203125 0.19855567466803503
1 0.22109375 0.4768387141902341 0.015625 0.09071590359079629
1 0.27265625 0.46794498234060666 0.0140625 0.05476931323171659
1 0.2875 0.3256711239293503 0.01875 0.23917158430895533
0 0.3421875 0.3409779613615637 0.015625 0.1188409035907962
0 0.4359375 0.5584012898167867 0.015625 0.11571590359079628
0 0.49921875 0.6838143802740622 0.015625 0.11571590359079628
1 0.53515625 0.552355302015231 0.0171875 0.09384999394987581
0 0.61171875 0.6628473744203297 0.0171875 0.13134999394987582
1 0.728125 0.6184201426688981 0.015625 0.10790340359079628
1 0.81875 0.3647679018422803 0.0140625 0.10320681323171658
1 0.87109375 0.18868212481311314 0.0109375 0.05943863251355732