0 0.8421875 0.6796875 0.009375 0.04765625
1 0.76796875 0.690625 0.01328125 0.08203125
0 0.6890625 0.69375 0.0109375 0.06875
0 0.57578125 0.44453125 0.0125 0.0859375
0 0.60859375 0.5796875 0.015625 0.11484375
0 0.56875 0.3765625 0.0125 0.14296875
1 0.55703125 0.425 0.009375 0.21796875
0 0.51796875 0.54140625 0.01328125 0.08125
1 0.4921875 0.5703125 0.015625 0.071875
1 0.47890625 0.615625 0.01015625 0.06796875
1 0.46953125 0.65703125 0.01328125 0.11484375
0 0.45390625 0.70625 0.0109375 0.065625
0 0.43046875 0.621875 0.015625 0.096875
0 0.41328125 0.55 0.0140625 0.13359375