0 0.95390625 0.5328125 0.0125 0.1296875
0 0.92578125 0.396875 0.0125 0.1171875
1 0.909375 0.4578125 0.021875 0.24375
1 0.8828125 0.60625 0.015625 0.0828125
1 0.8328125 0.62265625 0.0171875 0.1078125
1 0.79140625 0.79296875 0.0203125 0.1890625
0 0.771875 0.840625 0.0109375 0.165625
0 0.7671875 0.6453125 0.009375 0.078125
0 0.75546875 0.55859375 0.009375 0.175
0 0.71328125 0.4828125 0.0109375 0.1359375
1 0.603125 0.2640625 0.0140625 0.040625
1 0.459375 0.3703125 0.015625 0.1046875
0 0.4140625 0.37890625 0.015625 0.1375
1 0.2890625 0.1921875 0.015625 0.1015625
1 0.10703125 0.42890625 0.0125 0.0796875