1 0.644048419207086 0.35532136347942195 0.013081782981095458 0.10007272287263688
0 0.6848910669441497 0.45243725799503187 0.01010222872636941 0.12505454215447784
0 0.8793177778147342 0.47153775770044426 0.01146474082661797 0.09068863251355737
0 0.8494444463344489 0.3690167456983916 0.008330650467538447 0.08910795179539814
1 0.8405779855620604 0.4158417487234537 0.012001072012315461 0.18287613251355736
1 0.8282138200674076 0.5267110710303566 0.008148843285945872 0.05785795179539797
0 0.809432003810629 0.5320707367214013 0.009838608313060604 0.07974204215447785
1 0.7898371212970716 0.542894607232906 0.008285198672140125 0.08129545179539814
1 0.7679843263139237 0.6732406373853312 0.011746541958085999 0.13912613251355738
0 0.7537082028755526 0.7098775741536146 0.01008404800821019 0.12192954215447767
0 0.7227996122218854 0.5167224717924824 0.01030221662612103 0.15942954215447766
0 0.501860398326239 0.4888736859827166 0.010138590162688033 0.13130454215447784
0 0.48302456079582967 0.3692288064942213 0.012954517953980903 0.07819772287263689
1 0.46116319633444913 0.36675779146710663 0.009856789031219648 0.08286704215447767
0 0.4228046782822723 0.37981632766965606 0.009974963699254857 0.10317954215447767
1 0.2947665575743758 0.22984762304558756 0.009838608313060515 0.07974204215447767
1 0.1412319705349459 0.4336488130353248 0.009756795081343927 0.06567954215447766
0 0.01515021780447138 0.6188590843089554 0.011237481849627385 0.05162613251355737
0 0.00996781411547934 0.5696085180521767 0.009747704722264328 0.06411704215447767
1 0.060912690578912465 0.5417789547222643 0.013081782981095547 0.10007272287263688