0 0.9166950579671592 0.4875 0.0100113251355733 0.109375
1 0.8756887837666625 0.41875 0.009066969552987202 0.215625
1 0.860826332167656 0.55625 0.009802246876741805 0.0734375
1 0.8200786123200812 0.57734375 0.006722698672140126 0.08125
1 0.7941604860530399 0.73515625 0.008666993753483964 0.146875
0 0.7798843626146688 0.771875 0.01019313231716552 0.140625
0 0.774911037184508 0.68671875 0.011310204722264317 0.0640625
0 0.7660450972929665 0.59921875 0.012954517953980903 0.078125
0 0.7484308712970718 0.53828125 0.010520385244031871 0.196875
0 0.7059120940715127 0.4609375 0.01021131303532492 0.14375
0 0.5056666543763632 0.503125 0.013463578062439474 0.165625
0 0.4846370577707676 0.3578125 0.016179511903856535 0.0953125
1 0.46121319330938704 0.35546875 0.009956782981095457 0.1
0 0.4142609252572102 0.36875 0.022547686571891747 0.115625
1 0.27085687978308276 0.175 0.009911331185697491 0.0921875
1 0.10220128679172455 0.42734375 0.008285198672140125 0.08125
1 0.014705311090417238 0.5609375 0.013190867290050945 0.11875