0 0.0875 0.53515625 0.02265625 0.184375
0 0.1546875 0.671875 0.015625 0.15703125
1 0.20234375 0.62734375 0.0171875 0.084375
1 0.2078125 0.55390625 0.01484375 0.10625
0 0.2859375 0.68515625 0.015625 0.146875
1 0.36328125 0.759375 0.015625 0.0828125
1 0.428125 0.70078125 0.0125 0.09453125
1 0.4359375 0.64296875 0.01484375 0.0484375
1 0.484375 0.6578125 0.01640625 0.07734375
1 0.50078125 0.5890625 0.01328125 0.11328125
1 0.5484375 0.4953125 0.0125 0.128125
1 0.55625 0.41953125 0.01484375 0.11171875
1 0.62109375 0.2296875 0.0125 0.05
1 0.63671875 0.19609375 0.01328125 0.0484375
0 0.6703125 0.19921875 0.0140625 0.13671875
0 0.7109375 0.29609375 0.0140625 0.128125
1 0.7671875 0.221875 0.0125 0.0828125
0 0.86484375 0.325 0.01484375 0.16640625
0 0.815625 0.18203125 0.01328125 0.1484375