0 0.9989834424256241 0.515625 0.0020331151487518184 0.11875
1 0.9580322312604522 0.440625 0.010756734580101934 0.2375
1 0.9409088846548567 0.5859375 0.009829517953981081 0.078125
1 0.894924218963812 0.6046875 0.011555644417413902 0.10625
1 0.8646468873853312 0.771875 0.01351812021691714 0.175
0 0.8469508481577197 0.81875 0.008776078062439296 0.165625
0 0.8149503726528042 0.55546875 0.009012427398509715 0.20625
0 0.7691469932625047 0.47109375 0.01029312626704133 0.1578125
1 0.6427652586824028 0.23359375 0.012745439695149584 0.0421875
0 0.5427844811622563 0.50546875 0.015135162371394983 0.184375
0 0.5214674964839585 0.3328125 0.01613406010845857 0.0875
1 0.4949277223816576 0.33671875 0.014689734776493601 0.1078125
0 0.4434424904338344 0.35 0.022656770880847076 0.134375
1 0.2874732498036083 0.1296875 0.01623405405833438 0.1046875
0 0.22814876765939332 0.27265625 0.01280907220870695 0.053125
1 0.08822372530852385 0.39296875 0.016152240826617835 0.090625