0 0.11640625 0.3655209817514315 0.0171875 0.16103749394987582
0 0.146875 0.691479493753484 0.009375 0.17036704215447768
1 0.1671875 0.6423789184215192 0.021875 0.19543976502711474
1 0.20390625 0.4574362918598901 0.0171875 0.0907249939498758
1 0.28203125 0.307109559813871 0.0234375 0.24544885538619426
0 0.33515625 0.32382488202257803 0.009375 0.12036704215447766
0 0.4171875 0.551645875874258 0.009375 0.12036704215447784
0 0.475 0.6816697191602038 0.009375 0.11724204215447767
0 0.590625 0.6690611557320955 0.0109375 0.13287613251355737
1 0.7125 0.6307077037403057 0.0171875 0.10009999394987582
1 0.81640625 0.38131221261910025 0.0140625 0.10789431323171658
1 0.87890625 0.20511332698228496 0.0140625 0.05945681323171659
0 0.91953125 0.16238092631835505 0.0109375 0.14850113251355732