1 0.103125 0.47091246369925477 0.0203125 0.13136817466803502
0 0.0203125 0.632149424668035 0.028125 0.21266362646343318
1 0.10859375 0.40922552995603334 0.025 0.14545794574527376
1 0.14140625 0.30785392749670537 0.0140625 0.07039431323171659
1 0.15703125 0.23606983108750157 0.015625 0.0735284035907962
0 0.2328125 0.428698213502863 0.03125 0.2579943071815924
1 0.27578125 0.5336356983775525 0.01875 0.08292158430895533
1 0.28359375 0.46102490017295067 0.01875 0.09542158430895534
1 0.2890625 0.3868379664297293 0.0171875 0.0875999939498758
0 0.31875 0.47138568325224206 0.0203125 0.12824317466803486
1 0.3453125 0.44185271935659554 0.0203125 0.07980567466803504
0 0.3546875 0.4403447615110732 0.0171875 0.08134999394987581
0 0.3671875 0.55447998438371 0.021875 0.19856476502711473
0 0.440625 0.6916259812604522 0.021875 0.3048147650271146
0 0.4859375 0.7661083516737611 0.01875 0.14542158430895552
0 0.50078125 0.9076009600850174 0.03125 0.18299430718159257
1 0.51640625 0.9061293636758136 0.025 0.18764544574527378
1 0.5234375 0.788201520291672 0.025 0.21577044574527396
1 0.565625 0.5696969599868217 0.0234375 0.13451135538619424
1 0.634375 0.4630656857863248 0.0171875 0.07041249394987581
1 0.6625 0.3460418122497579 0.0265625 0.21109203610435348
0 0.68046875 0.2742713513791735 0.015625 0.0922784035907962
0 0.68984375 0.3430758935336512 0.0171875 0.07353749394987581
0 0.71640625 0.3783866796380047 0.0171875 0.07353749394987581
0 0.7390625 0.4972684898446592 0.0265625 0.21265453610435348
0 0.77890625 0.5592190440011894 0.015625 0.10634090359079629
0 0.8546875 0.7346599264165509 0.0296875 0.2001727168225127
0 0.8828125 0.897323552879984 0.015625 0.1454034035907963
0 0.92734375 0.8905513781137533 0.01875 0.1657340843089557
1 0.98125 0.833052495502 0.021875 0.08918976502711473