0 0.007484465751863076 0.61953125 0.014968931503726152 0.2078125
1 0.13299624795689655 0.63984375 0.0163431383672898 0.1234375
0 0.22586902830571343 0.790625 0.01974084913967831 0.1703125
1 0.3175883748131131 0.87109375 0.01771474082661779 0.090625
1 0.47735023595484394 0.6703125 0.019559041958086 0.1390625
1 0.537416103244895 0.5515625 0.021285168421519174 0.1671875
1 0.5458012958669108 0.453125 0.02269313231716552 0.140625
1 0.630086434037809 0.2 0.019131795081343838 0.065625
1 0.6514483496306577 0.15390625 0.02071247579950324 0.06875
0 0.6928636899897372 0.15234375 0.016679481653235583 0.18125
0 0.7460518016224474 0.27578125 0.018196529857837616 0.1734375
1 0.8247904008603216 0.1703125 0.020985186571891745 0.115625
0 0.8907517441462675 0.1125 0.016806746680350315 0.203125
0 0.9529376058771735 0.30078125 0.013790830989305647 0.221875