0 0.93359375 0.4687872604499284 0.00625 0.10003636143631844
0 0.9078125 0.3548747513747421 0.0078125 0.09692045179539814
1 0.89375 0.4041753146064586 0.0171875 0.19384999394987582
1 0.86875 0.5246332603517325 0.0125 0.0656977228726369
1 0.82421875 0.5397360855855016 0.0109375 0.08443863251355736
1 0.78828125 0.6844764138443329 0.0140625 0.08601931323171659
0 0.76875 0.709590043332828 0.00625 0.12191136143631845
0 0.753125 0.49561844692362433 0.00625 0.11878636143631845
0 0.71328125 0.4130377510801545 0.00625 0.09066136143631845
1 0.60625 0.23866044067710837 0.0109375 0.03756363251355736
0 0.49765625 0.47054222063314183 0.009375 0.11411704215447785
1 0.465625 0.3230723229942739 0.0109375 0.09068863251355737
0 0.42109375 0.334268898228043 0.00625 0.11566136143631844
1 0.2859375 0.16161771428842994 0.015625 0.0891534035907962
0 0.22578125 0.2744676931129953 0.009375 0.03442954215447767
1 0.09453125 0.36663753327568316 0.0140625 0.0735193132317166