0 0.0953125 0.52578125 0.021875 0.1734375
0 0.16015625 0.65703125 0.01328125 0.13828125
1 0.16875 0.66484375 0.009375 0.12421875
1 0.2078125 0.61171875 0.01328125 0.0671875
1 0.21484375 0.54453125 0.0140625 0.09921875
0 0.29296875 0.66796875 0.01484375 0.140625
1 0.3703125 0.734375 0.01484375 0.07578125
1 0.36328125 0.79296875 0.01328125 0.06640625
1 0.4328125 0.68125 0.009375 0.08671875
1 0.48671875 0.63671875 0.009375 0.07265625
1 0.50234375 0.57265625 0.01171875 0.103125
1 0.5484375 0.48046875 0.0125 0.12109375
1 0.55625 0.409375 0.01171875 0.10078125
1 0.61875 0.2296875 0.0125 0.04375
1 0.63359375 0.19609375 0.01015625 0.0453125
0 0.66640625 0.20078125 0.0140625 0.13046875
0 0.70390625 0.290625 0.01328125 0.11640625
1 0.71171875 0.27109375 0.0140625 0.1546875
1 0.7578125 0.2203125 0.0109375 0.07578125
1 0.78046875 0.13203125 0.0125 0.04921875
0 0.80546875 0.184375 0.0125 0.14296875
1 0.8203125 0.21484375 0.01171875 0.0765625
1 0.8515625 0.31796875 0.0140625 0.159375