0 0.08633084709657488 0.46901309953246184 0.01566240319801273 0.2750818132317166
0 0.13764232046019115 0.7804227773237548 0.016788565962191093 0.2000909035907963
1 0.1583457059006147 0.7131171026557197 0.02001355991206686 0.21729658430895532
1 0.193902452580965 0.5097921147559681 0.013099963699254768 0.10319772287263689
1 0.27533478064340444 0.34369896126336785 0.01713399960721649 0.25946590359079613
0 0.33619501259122775 0.35662568725926275 0.021066999803608245 0.12980567466803503
0 0.448680335290914 0.6270558410464506 0.029179481653235584 0.18141362646343318
1 0.5582371424725064 0.5951695159108774 0.020967005853732523 0.11261817466803503
0 0.6481303685665972 0.7204235250842596 0.025872674471643365 0.15014544574527378
1 0.7859258052366848 0.6688423234852532 0.019422686571891744 0.11573408430895533
1 0.8484172357584523 0.5356707543016084 0.01944086729005079 0.11885908430895534