0 0.0875 0.49921875 0.015625 0.13125
1 0.21484375 0.54296875 0.0171875 0.1046875
0 0.29453125 0.6671875 0.0125 0.1421875
1 0.3734375 0.7359375 0.015625 0.078125
1 0.43828125 0.6828125 0.015625 0.09375
1 0.49296875 0.6375 0.0125 0.0765625
1 0.509375 0.57109375 0.0140625 0.10625
1 0.5578125 0.48203125 0.015625 0.134375
1 0.56484375 0.40625 0.0125 0.109375
1 0.62734375 0.221875 0.0125 0.053125
1 0.64375 0.18828125 0.0140625 0.053125
0 0.7140625 0.28125 0.015625 0.121875
1 0.77109375 0.20859375 0.015625 0.078125
1 0.83359375 0.20390625 0.0125 0.078125
0 0.86640625 0.3109375 0.0125 0.159375