0 0.06328125 0.5375 0.01875 0.15
1 0.19765625 0.57109375 0.028125 0.125
0 0.28203125 0.70859375 0.0171875 0.1640625
1 0.36015625 0.853125 0.0234375 0.0921875
1 0.3671875 0.78515625 0.0234375 0.1
1 0.4359375 0.71953125 0.0203125 0.103125
1 0.44375 0.64921875 0.01875 0.053125
1 0.49375 0.66328125 0.01875 0.0875
1 0.5125 0.5875 0.021875 0.121875
1 0.56484375 0.4859375 0.0203125 0.153125
1 0.57265625 0.396875 0.0203125 0.1203125
1 0.6375 0.19140625 0.0171875 0.05625
1 0.65546875 0.15390625 0.015625 0.0515625
0 0.73046875 0.25703125 0.01875 0.1390625
1 0.7390625 0.234375 0.021875 0.18125
1 0.790625 0.1734375 0.0171875 0.0921875
1 0.8125 0.07265625 0.0171875 0.05625
0 0.8390625 0.13046875 0.015625 0.15625
1 0.85546875 0.16328125 0.0171875 0.0875
0 0.890625 0.2765625 0.015625 0.1796875