1 0.04140625 0.496875 0.02109375 0.146875
0 0.09765625 0.5 0.0234375 0.1484375
0 0.1515625 0.68984375 0.00859375 0.165625
1 0.2015625 0.64375 0.01640625 0.08125
1 0.2140625 0.55859375 0.021875 0.1171875
0 0.28203125 0.71640625 0.00859375 0.16875
1 0.3390625 0.87109375 0.0171875 0.084375
1 0.3515625 0.80390625 0.0171875 0.0921875
1 0.41875 0.74453125 0.0171875 0.1046875
1 0.4296875 0.675 0.015625 0.0578125
1 0.47421875 0.69609375 0.0171875 0.0875
1 0.49765625 0.61796875 0.02265625 0.12734375
1 0.55234375 0.5125 0.02265625 0.14453125
1 0.5640625 0.428125 0.025 0.1203125
1 0.64296875 0.21640625 0.0171875 0.05859375
1 0.6609375 0.17890625 0.01640625 0.053125
0 0.6921875 0.184375 0.00625 0.15546875
0 0.72265625 0.29609375 0.00859375 0.14296875
0 0.8625 0.340625 0.009375 0.18828125