0 0.290625 0.7475279432111911 0.021875 0.16575226502711474
1 0.20078125 0.5996131388582692 0.0171875 0.11259999394987581
1 0.5140625 0.6446655218628058 0.0140625 0.12351931323171658
1 0.44140625 0.766963223560008 0.015625 0.10009090359079628
0 0.06328125 0.5449443404572755 0.021875 0.14856476502711474
0 0.14765625 0.731172211066976 0.0203125 0.1641806746680352
1 0.3453125 0.9198660306434047 0.0140625 0.09383181323171641
1 0.37578125 0.8275012686413519 0.0140625 0.08601931323171641
1 0.56484375 0.5389013351927182 0.0171875 0.1407249939498758
1 0.5703125 0.4537132689359396 0.015625 0.12040340359079629
1 0.6359375 0.2416127238545956 0.015625 0.0563409035907962
1 0.653125 0.20323147990471976 0.015625 0.0547784035907962
0 0.6875 0.20771899200496818 0.0140625 0.15476931323171658
1 0.7328125 0.3176116215916593 0.015625 0.1407159035907962
1 0.7921875 0.23679743794663383 0.0140625 0.09383181323171659
1 0.8171875 0.12883949220135993 0.0140625 0.06101931323171654
0 0.84375 0.19352870609700643 0.0140625 0.17195681323171658
1 0.86171875 0.23092416696759083 0.0140625 0.09070681323171659
0 0.89609375 0.3565054290678392 0.0171875 0.1907249939498758