0 0.057896774887867875 0.5223017259958949 0.021430614166792972 0.19230567466803503
1 0.19894097316722453 0.18086768403780892 0.016015885440423584 0.06727840359079615
0 0.26360239510478506 0.34611088895646497 0.03102378278470379 0.2298602168225127
1 0.3161643137226958 0.30830636192729777 0.01604315651766246 0.0719659035907962
0 0.3856223199692118 0.45477229576871503 0.018241981653235585 0.1813499939498758
0 0.4559888412428424 0.5793586844305925 0.020358993557092298 0.27667158430895533
0 0.5126605011783504 0.7751160911446465 0.02445562021691714 0.17513635538619426
1 0.5320468263139236 0.665632006835691 0.019904475603111392 0.19854658430895533
1 0.5730268711988759 0.4700877026791609 0.013199957649130489 0.1203852228726369
1 0.6384114975641131 0.37674170277735675 0.017569295081344017 0.06572499394987581
1 0.6632438468019872 0.2711320522116226 0.018241981653235585 0.1813499939498758
0 0.73668537110068 0.40429401015534083 0.026081752730474507 0.18608294574527395
0 0.849484311188613 0.6208179139425287 0.02605448165323594 0.18139544574527378