1 0.10625 0.45546875 0.01640625 0.1296875
0 0.01875 0.61171875 0.0203125 0.209375
1 0.11328125 0.3953125 0.0203125 0.14375
1 0.15 0.2953125 0.01171875 0.06953125
1 0.1671875 0.22578125 0.01328125 0.071875
0 0.2359375 0.41796875 0.02265625 0.2546875
1 0.275 0.52265625 0.01640625 0.08125
1 0.284375 0.45 0.01484375 0.09296875
1 0.2921875 0.378125 0.0140625 0.0859375
0 0.31875 0.4625 0.01640625 0.12578125
1 0.34609375 0.43359375 0.0171875 0.07890625
0 0.35625 0.4328125 0.0140625 0.0796875
0 0.3640625 0.5453125 0.015625 0.1953125
0 0.43203125 0.6828125 0.01171875 0.30078125
0 0.4734375 0.7578125 0.01328125 0.14296875
0 0.484375 0.89765625 0.0234375 0.1796875
1 0.49921875 0.896875 0.01796875 0.184375
1 0.51015625 0.78046875 0.0171875 0.2125
1 0.559375 0.56640625 0.01796875 0.13203125
1 0.63125 0.4625 0.0140625 0.06875
1 0.6625 0.34765625 0.01875 0.2078125
0 0.6828125 0.278125 0.0125 0.09140625
0 0.68984375 0.346875 0.0140625 0.071875
0 0.7140625 0.38125 0.0140625 0.071875
0 0.7328125 0.5 0.01796875 0.20859375
0 0.7703125 0.56171875 0.0125 0.1046875
0 0.83828125 0.7375 0.021875 0.19765625
0 0.8609375 0.8984375 0.0109375 0.14375
0 0.90546875 0.89375 0.01328125 0.16328125
1 0.9609375 0.8375 0.01953125 0.0875