0 0.86796875 0.31875 0.015625 0.16171875
1 0.77578125 0.2203125 0.01328125 0.075
1 0.72734375 0.26796875 0.01171875 0.16015625
0 0.7203125 0.29140625 0.01328125 0.12421875
1 0.65 0.1953125 0.01640625 0.05078125
1 0.63359375 0.22734375 0.01328125 0.0484375
1 0.56953125 0.4078125 0.0171875 0.1109375
1 0.56015625 0.48125 0.021875 0.12421875
1 0.51015625 0.56953125 0.0140625 0.11015625
1 0.490625 0.6390625 0.0140625 0.0875
1 0.37265625 0.73671875 0.01953125 0.08046875
0 0.29453125 0.6625 0.01640625 0.14765625
0 0.0953125 0.51640625 0.0265625 0.18046875