0 0.8669586783804683 0.4421875 0.011492011903856536 0.0953125
1 0.8266836572050333 0.38203125 0.01668857201231546 0.1828125
1 0.8134836995559029 0.50234375 0.011310204722264317 0.0640625
1 0.7735535911446465 0.5171875 0.011464740826617793 0.090625
1 0.7508877299047197 0.653125 0.01489881303532492 0.14375
0 0.7358349016458886 0.6890625 0.014807909444528634 0.128125
0 0.7049763079671593 0.4875 0.011964710575996662 0.1765625
0 0.6639382175098838 0.42421875 0.01011131908544911 0.1265625
0 0.47462573263519425 0.4671875 0.013345403394404442 0.1453125
1 0.4339558017206433 0.340625 0.009865879390299348 0.084375
0 0.39093250956616565 0.35 0.01935905405833438 0.1046875
1 0.2852057260940908 0.12578125 0.02082156010845857 0.0875
1 0.2605960906536672 0.19296875 0.012954517953980903 0.078125
1 0.01883882006740768 0.521875 0.013118144417414001 0.10625
1 0.10231037110067995 0.40859375 0.012899975799503149 0.06875