0 0.08671875 0.5109375 0.0234375 0.1890625
1 0.21171875 0.52890625 0.0234375 0.1171875
0 0.29375 0.66015625 0.0203125 0.1515625
1 0.3734375 0.72890625 0.01875 0.0828125
1 0.440625 0.678125 0.021875 0.103125
1 0.496875 0.62890625 0.0140625 0.0859375
1 0.5109375 0.5609375 0.0203125 0.109375
1 0.56328125 0.47109375 0.01875 0.134375
1 0.56875 0.39375 0.021875 0.121875
1 0.63359375 0.2078125 0.0203125 0.05625
1 0.6515625 0.17421875 0.01875 0.0546875
0 0.72421875 0.26953125 0.0171875 0.13125
1 0.78046875 0.19765625 0.0171875 0.0859375
1 0.803125 0.1046875 0.015625 0.05625
0 0.828125 0.1609375 0.01875 0.1578125
1 0.84453125 0.19296875 0.0140625 0.0890625
0 0.87734375 0.2984375 0.0140625 0.1703125