0 0.86484375 0.6793434862494315 0.0125 0.05163522287263689
1 0.78671875 0.6938605042034125 0.0171875 0.08603749394987581
0 0.703125 0.7005968384141721 0.0140625 0.0735193132317166
0 0.5765625 0.44430190749962106 0.0171875 0.0907249939498758
0 0.615625 0.5846996485226306 0.0203125 0.12043067466803503
0 0.56640625 0.3732672448336386 0.01875 0.15010908430895534
1 0.55546875 0.42333087734719593 0.01875 0.22823408430895534
0 0.51875 0.5485445007855669 0.0171875 0.08603749394987581
1 0.49375 0.5791586965308408 0.01875 0.07667158430895533
1 0.48125 0.6268876694034777 0.0140625 0.0719568132317164
1 0.47265625 0.6706876663784156 0.01875 0.12042158430895533
0 0.4578125 0.723117774789672 0.0140625 0.06883181323171658
0 0.4296875 0.6365626512531051 0.0203125 0.10324317466803504
0 0.41015625 0.5608950307416004 0.0203125 0.14074317466803504