0 0.084375 0.47470962939029937 0.01875 0.2782340843089555
0 0.14296875 0.788331767855785 0.0203125 0.20168067466803521
1 0.1625 0.7212578973442803 0.021875 0.21887726502711474
1 0.19375 0.5159709545258726 0.0140625 0.10476931323171641
1 0.271875 0.3476754724798535 0.0203125 0.26105567466803503
0 0.33359375 0.36131579166349836 0.021875 0.13137726502711464
0 0.45234375 0.6323191589535494 0.03125 0.1829943071815922
1 0.56171875 0.6001429840891225 0.021875 0.11262726502711473
0 0.65546875 0.7256884056338997 0.028125 0.15172612646343317
1 0.79375 0.6718054024124458 0.021875 0.11731476502711473
1 0.853125 0.5377758360574713 0.0203125 0.11886817466803504