0 0.0609375 0.5784795240041051 0.025 0.29858294574527394
0 0.46171875 0.628467451108027 0.0296875 0.3282977168225127
0 0.50859375 0.8178026618804155 0.03125 0.27518180718159224
0 0.85234375 0.6541775408779315 0.025 0.16577044574527394
0 0.74375 0.43479576092189803 0.021875 0.19387726502711472
0 0.92890625 0.8116542184728328 0.021875 0.19231476502711473
0 0.39296875 0.5054112253085238 0.021875 0.20325226502711474
1 0.11328125 0.5225340510332723 0.021875 0.13137726502711472
1 0.20546875 0.21213288221896973 0.0203125 0.08761817466803504
1 0.3234375 0.3753192043294809 0.0203125 0.16105567466803503
1 0.57734375 0.5142963876799188 0.0203125 0.18449317466803503
1 0.64609375 0.4232901134794219 0.028125 0.09391362646343318
1 0.675 0.3203332851223949 0.0296875 0.1939227168225127
0 0.78515625 0.5155054054375079 0.025 0.13764544574527376