1 0.1254066045024315 0.6077402980082102 0.02258404800821019 0.12200226502711473
0 0.23716223681959708 0.7490107135028631 0.032222668421519086 0.1673693071815924
1 0.3348553691367627 0.8901993157657995 0.01925906010845857 0.08760908430895568
1 0.33991505297817987 0.819918632022578 0.01771474082661779 0.0907249939498758
1 0.41687246271729617 0.7539623547970191 0.019368144417413902 0.10635908430895533
1 0.4829605501495095 0.6996611950579028 0.013045421544777013 0.09382272287263689
1 0.4989168273750684 0.6224128938282388 0.017941999803608156 0.12978749394987582
1 0.552168571521336 0.5102265112164857 0.01802381303532492 0.1438499939498758
1 0.554012351771957 0.4243026467551051 0.02258404800821019 0.12200226502711456
1 0.6215169725780493 0.21064012255460823 0.015970433645025393 0.0594659035907962
0 0.6791022136010589 0.1719139658405541 0.025872674471643365 0.15014544574527386
1 0.7436283219141193 0.2519741705628184 0.016679481653235583 0.1813409035907962
0 0.8594300630353249 0.14874515231424995 0.022856758780599052 0.16887726502711464
0 0.9274856923274284 0.2983547877546735 0.029197662371394983 0.18453862646343308