0 0.10078125 0.3953125 0.0171875 0.1640625
0 0.12109375 0.72890625 0.009375 0.1734375
1 0.14296875 0.67890625 0.021875 0.1984375
1 0.18671875 0.490625 0.0171875 0.0921875
1 0.271875 0.33984375 0.0234375 0.2515625
0 0.32578125 0.359375 0.009375 0.1234375
0 0.4015625 0.59375 0.0109375 0.121875
0 0.45625 0.728125 0.0109375 0.11875
0 0.5734375 0.71875 0.0125 0.1359375
1 0.69921875 0.68359375 0.0171875 0.103125
1 0.815625 0.43125 0.0140625 0.1109375
1 0.88515625 0.2546875 0.0140625 0.0609375
0 0.92734375 0.2109375 0.0109375 0.1515625