0 0.034375 0.534375 0.0234375 0.184375
0 0.10390625 0.6765625 0.0125 0.153125
1 0.16328125 0.55390625 0.0234375 0.10625
0 0.24765625 0.6890625 0.0140625 0.1484375
1 0.32109375 0.82421875 0.015625 0.0765625
1 0.3984375 0.70546875 0.0171875 0.0921875
1 0.33046875 0.759375 0.0171875 0.078125
1 0.45703125 0.65625 0.0171875 0.0828125
1 0.475 0.5890625 0.015625 0.1125
1 0.528125 0.4921875 0.021875 0.1375
1 0.534375 0.41328125 0.01875 0.1125
1 0.60703125 0.22109375 0.01875 0.0546875
1 0.62421875 0.18515625 0.0171875 0.05
0 0.65625 0.190625 0.0125 0.140625
0 0.696875 0.2875 0.0125 0.128125
1 0.759375 0.21328125 0.0171875 0.0859375
0 0.8078125 0.175 0.0125 0.1515625
1 0.82421875 0.20625 0.015625 0.0859375
0 0.85546875 0.3203125 0.0125 0.1765625
1 0.9140625 0.3328125 0.0171875 0.0734375