0 0.08197424618937098 0.52734375 0.029161300935076427 0.178125
0 0.14762703814745698 0.66640625 0.018032903394404443 0.1453125
1 0.20788730639602543 0.55 0.019331782981095547 0.1
0 0.2859946465587133 0.68125 0.021166993753484055 0.146875
1 0.3547406222600206 0.81484375 0.01759656615858276 0.0703125
1 0.3306673180052945 0.83984375 0.01769656010845857 0.0875
1 0.36531905307637574 0.753125 0.016088608313060516 0.0796875
1 0.4314298664062882 0.70234375 0.016161331185697493 0.0921875
1 0.4897599959929792 0.65703125 0.014535198672140126 0.08125
1 0.5081145653730159 0.5890625 0.016243144417413903 0.10625
1 0.5599265293668583 0.49765625 0.01791472872636941 0.125
1 0.5704140565924172 0.4203125 0.019386325135573302 0.109375
1 0.6412073038619427 0.234375 0.014353391490547906 0.05
0 0.6894766322189698 0.20546875 0.019549951599006476 0.1375
0 0.7283169393023663 0.3015625 0.019468138367289712 0.1234375
1 0.7872737827847038 0.2296875 0.014544289031219649 0.0828125
0 0.8370737948849524 0.1953125 0.018051084112563842 0.1484375
1 0.852871511707465 0.225 0.014507927594901559 0.0765625
0 0.8816328368430382 0.334375 0.019704487703359773 0.1640625