0 0.06875 0.51875 0.0140625 0.19296875
1 0.1171875 0.47734375 0.0125 0.09296875
1 0.20546875 0.19140625 0.0140625 0.06015625
0 0.265625 0.3484375 0.021875 0.215625
0 0.44765625 0.57421875 0.01640625 0.26484375
1 0.5109375 0.76484375 0.0140625 0.16484375
1 0.51875 0.6609375 0.015625 0.190625
1 0.559375 0.47421875 0.0109375 0.1125
1 0.62421875 0.38671875 0.01328125 0.05546875
1 0.6484375 0.2875 0.01328125 0.17109375
0 0.715625 0.41640625 0.021875 0.175
0 0.753125 0.4671875 0.0125 0.0734375
0 0.8203125 0.62578125 0.021875 0.17734375