1 0.19648217378427227 0.60390625 0.044986288834827984 0.2125
1 0.3006378877781146 0.5125 0.0350931383672898 0.1234375
1 0.31102996623333756 0.41875 0.034947692622015934 0.0984375
1 0.44722147540671975 0.328125 0.03539312021691714 0.175
0 0.4652356772021178 0.3359375 0.038663565962191095 0.2
0 0.56589927341493 0.45 0.03180451190385671 0.0953125
1 0.5868884842855143 0.43203125 0.03040563836728971 0.1234375
0 0.6017776860809124 0.43984375 0.035220403394404444 0.1453125
1 0.7544032372123806 0.48828125 0.029306746680350316 0.203125
1 0.7879010175611975 0.3375 0.03190450585373252 0.1125
1 0.8217215056573408 0.2421875 0.028643150467538448 0.0890625