1 0.77421875 0.3790894770760494 0.025 0.25327044574527385
0 0.26015625 0.5703614552132436 0.015625 0.21727840359079628
0 0.65703125 0.5133650040070208 0.0140625 0.1344568132317164
0 0.3984375 0.7289319584346975 0.0125 0.11882272287263689
0 0.14921875 0.6436631207078966 0.015625 0.14696590359079628
0 0.1359375 0.5179591387600733 0.009375 0.18130454215447783
0 0.203125 0.5167870033196497 0.0125 0.13913522287263688
0 0.2390625 0.3290779250608185 0.021875 0.27512726502711465
1 0.709375 0.6200917269778536 0.015625 0.10946590359079629
0 0.59140625 0.5442155490883647 0.0109375 0.10318863251355737
1 0.5203125 0.6258791604264873 0.01875 0.08135908430895533
1 0.3546875 0.7229364884889268 0.015625 0.10321590359079628
0 0.30390625 0.7208881751590144 0.0140625 0.10945681323171659
1 0.1875 0.5309404069104459 0.0109375 0.09381363251355737