1 0.20293216168402384 0.63828125 0.048229463502863015 0.2328125
1 0.3203554901392468 0.54453125 0.035311306985200644 0.1609375
1 0.3353350746445939 0.43359375 0.036691999803608245 0.1296875
0 0.3563515565924172 0.4203125 0.03806360226293633 0.096875
1 0.49253852058625947 0.32890625 0.040153343089554025 0.1875
0 0.5106299904338344 0.35 0.04663060206654457 0.2265625
0 0.6237981318261863 0.46484375 0.036528373340175155 0.1015625
1 0.6432066619786114 0.44375 0.04142495159900648 0.1375
1 0.829512321521336 0.50703125 0.04506810206654457 0.2265625
1 0.8699640838179761 0.34296875 0.044449957649130664 0.1203125
1 0.9029260538619427 0.234375 0.033348831185697494 0.0921875