1 0.2015625 0.6160164063212706 0.0453125 0.225263620413309
1 0.315625 0.5260550025340829 0.0328125 0.1548783975406721
1 0.33125 0.41911465612487897 0.034375 0.12519998789975162
0 0.35078125 0.4059470356133742 0.0359375 0.09239657825883114
1 0.48359375 0.3184384661351417 0.0375 0.18146816861791085
0 0.49921875 0.3396231197259379 0.04375 0.2190045300542293
0 0.609375 0.4512014900410509 0.034375 0.09863748789975162
1 0.62734375 0.4302122791704665 0.0375 0.13303066861791085
1 0.80703125 0.4921951704646226 0.040625 0.21898634933607006
1 0.84609375 0.333828679441613 0.0421875 0.11587043969514968
1 0.8796875 0.2301178721618248 0.03125 0.0892443071815924