0 0.04632697405098731 0.765625 0.019395415494652866 0.1109375
0 0.04208490164588859 0.6890625 0.019431776930971333 0.1171875
0 0.03618942564999368 0.628125 0.01315450585373248 0.1125
1 0.7965926779876847 0.1828125 0.021576059912066726 0.2171875
0 0.8798455395221991 0.24140625 0.010120409444528633 0.128125
0 0.9244853529503073 0.35703125 0.016343138367289713 0.1234375
0 0.6439898527539156 0.22734375 0.012191969552987203 0.215625
1 0.5661143167477579 0.31875 0.016206782981095458 0.1
1 0.5554490066392994 0.40625 0.019313602262936415 0.096875
0 0.3874944130587659 0.26953125 0.013409035907961808 0.15625
1 0.1683711874556545 0.46796875 0.02325673458010189 0.2375
1 0.09252071800086312 0.7484375 0.017760192622015912 0.0984375