0 0.09663268558993307 0.7635261688143025 0.019386325135573236 0.10948408430895533
0 0.09150884835411141 0.6885534398915414 0.01941359621281209 0.11417158430895533
0 0.08568557435000632 0.6276477561483201 0.013145415494652868 0.11101022287263689
1 0.8276760689872532 0.18659745004688225 0.021548788834827803 0.21261817466803504
0 0.9100436622731991 0.24393270619520227 0.01011131908544911 0.12661704215447767
0 0.9552385084860111 0.3577361309614332 0.014771548008210188 0.1219568132317165
0 0.6787118490414825 0.2312155793389857 0.01217378883482798 0.21256363251355737
1 0.6026765898681002 0.322286006933887 0.014635192622015935 0.09851931323171659
1 0.5937924692583996 0.4067155490883647 0.017742011903856537 0.0954124939498758
0 0.42661353873663216 0.27487117233034397 0.011828355189802586 0.15318863251355735
1 0.2136782432625047 0.46986655152425155 0.023238553861942714 0.23450226502711474
1 0.1418451916400573 0.7460750484009936 0.017751102262936323 0.09697499394987581