0 0.9874666211006801 0.40859375 0.019168156517662283 0.071875
1 0.8610728136245 0.2453125 0.020939734776493423 0.1078125
0 0.54215412110068 0.40859375 0.017642017953980904 0.078125
0 0.6936080576725716 0.29296875 0.015380602066544569 0.2265625
0 0.41737228971859075 0.37109375 0.013181776930971268 0.1171875
1 0.15212752215739336 0.70859375 0.022202252926866263 0.05625
1 0.18654849483363858 0.56640625 0.01780564441741399 0.10625
1 0.10694631148320069 0.8203125 0.014435204722264316 0.0640625
0 0.05536108558550166 0.82421875 0.020567030054229284 0.04375
0 0.051836630666845594 0.75859375 0.02376475292686624 0.05625
0 0.04834853718450801 0.68671875 0.017542024004105095 0.0609375