1 0.984375 0.40390625 0.0140625 0.0890625
0 0.9484375 0.34609375 0.0140625 0.11875
0 0.90703125 0.22109375 0.009375 0.11875
1 0.82734375 0.18671875 0.0234375 0.1671875
0 0.6703125 0.19765625 0.0109375 0.2125
1 0.5875 0.30390625 0.0203125 0.121875
1 0.5765625 0.3765625 0.0203125 0.0953125
1 0.04140625 0.64765625 0.015625 0.1171875
1 0.03203125 0.71328125 0.0125 0.0859375
0 0.05625 0.715625 0.0109375 0.090625
0 0.05390625 0.64765625 0.0125 0.1203125
1 0.10078125 0.70625 0.0109375 0.096875
1 0.146875 0.59296875 0.0125 0.0875
1 0.1875 0.42578125 0.0203125 0.2390625