1 0.3078125 0.3150720507386847 0.03125 0.2642443071815924
1 0.75078125 0.6082741675377563 0.0328125 0.1595658975406719
1 0.846875 0.3736769746211528 0.028125 0.12516362646343318
1 0.9046875 0.19120081790709867 0.0328125 0.09081589754067201
1 0.5546875 0.5383833274732643 0.03125 0.1579943071815924
1 0.20546875 0.6629141322189698 0.021875 0.24075226502711472
1 0.234375 0.4615198038619427 0.021875 0.13137726502711472
0 0.3609375 0.33569362294739175 0.0234375 0.17982385538619425
0 0.45078125 0.5557475685944697 0.0203125 0.17511817466803503
0 0.51484375 0.6772140233167341 0.0203125 0.17980567466803504
0 0.62734375 0.6645872791704666 0.0234375 0.16732385538619426
0 0.7109375 0.7252298633812261 0.0203125 0.06886817466803503
0 0.140625 0.4250368823171655 0.025 0.3032704457452738
0 0.26171875 0.45152263514583596 0.0171875 0.1579124939498758
0 0.08515625 0.27783917456983914 0.0203125 0.21261817466803504