0 0.928586524789672 0.4523946459885478 0.00998405405833438 0.10474204215447784
0 0.8995944372592628 0.33303611281106055 0.009974963699254857 0.10317954215447767
1 0.8860086602300956 0.38545713086323735 0.023065837039430194 0.20481476502711465
1 0.8602677959651068 0.5129463266085112 0.016024975799503238 0.06884090359079628
1 0.8148598471947708 0.5296161970218201 0.013018150467538092 0.0891352228726369
1 0.7780314920049681 0.6829502752806513 0.017714740826617968 0.0907249939498758
0 0.7575644559006147 0.7096309499486864 0.008557909444528633 0.12817045179539796
0 0.7393422176080796 0.4847445794371816 0.00853972872636941 0.12504545179539814
0 0.6968779825369984 0.3982758143118711 0.008376102262936235 0.09692045179539806
1 0.5815307593697738 0.2169217960633026 0.011164758976990541 0.039126132513557364
0 0.46994277781473404 0.4636564163784156 0.013199957649130668 0.1203852228726369
1 0.4349097685431561 0.3083967446372468 0.014617011903856714 0.09539431323171658
0 0.3879620456705191 0.32116945540963543 0.01008404800821019 0.12192954215447767
1 0.24291368696467516 0.14233190398357962 0.017732921544777104 0.09384999394987581
0 0.18206656967462423 0.26143188280814494 0.011155668617910841 0.03756363251355736
1 0.04477512705260831 0.36066478922761147 0.016079517953980882 0.07821590359079611