0 0.9484385417616942 0.26875 0.024482891294155706 0.1796875
1 0.850123240728422 0.15546875 0.01766928903121965 0.0828125
1 0.7941732225780493 0.20703125 0.01978630093507654 0.178125
0 0.7865061683233232 0.23203125 0.019559041958086 0.1390625
1 0.7108743883672898 0.1234375 0.02063975292686617 0.05625
1 0.6915431262670413 0.1578125 0.01593407220870695 0.053125
1 0.616130556690613 0.35546875 0.024155638367289713 0.1234375
1 0.6025316650036736 0.43515625 0.030496541958085998 0.1390625
1 0.5445015172666098 0.53203125 0.02102154800821019 0.121875
1 0.5199423996819712 0.6078125 0.019313602262936415 0.096875
1 0.3861719085607659 0.71171875 0.023964740826617793 0.090625
0 0.3020781888113869 0.62578125 0.02595448770335986 0.1640625
0 0.08781063485124838 0.45625 0.03711015632127068 0.2015625