1 0.3015625 0.33456693930236625 0.0296875 0.2548602168225127
1 0.7296875 0.6175264476901814 0.03125 0.15486930718159223
1 0.821875 0.3915002788758789 0.028125 0.12047612646343317
1 0.87734375 0.21604173662320533 0.03125 0.0876818071815924
1 0.5390625 0.5500111738824681 0.0296875 0.1532977168225127
1 0.203125 0.6707129966803503 0.021875 0.23293976502711472
1 0.23125 0.4763453731437835 0.021875 0.12668976502711474
0 0.353125 0.35439817115199357 0.0234375 0.17357385538619424
0 0.43984375 0.5666214360809123 0.01875 0.16885908430895533
0 0.50078125 0.6833822100850174 0.01875 0.17354658430895534
0 0.61015625 0.6722997852205908 0.0234375 0.16107385538619426
0 0.68984375 0.7305758935336513 0.0203125 0.06730567466803503
0 0.140625 0.4414431323171656 0.0234375 0.29232385538619426
0 0.25703125 0.4663391140685971 0.0171875 0.1516624939498758
0 0.08671875 0.29894201492891875 0.01875 0.20479658430895542