1 0.8944670966055955 0.1453125 0.01269998789975162 0.034375
0 0.9209568737329586 0.1578125 0.010174951599006476 0.1375
1 0.8808540484991895 0.20234375 0.01286361436318444 0.0625
1 0.7806530188377436 0.50546875 0.009956782981095457 0.1
1 0.8220279734618121 0.3765625 0.013081782981095812 0.1
1 0.7205780611886131 0.62578125 0.013090873340175158 0.1015625
0 0.6016053473911624 0.6640625 0.013245409444528632 0.128125
1 0.5361626754536019 0.4984375 0.01288179508134384 0.065625
1 0.5288359887835143 0.54921875 0.013045421544777013 0.09375
0 0.4890144438003663 0.6796875 0.013172686571891745 0.115625
0 0.3912092446372468 0.43671875 0.01124657220870695 0.053125
0 0.4303757628858153 0.553125 0.010047686571891746 0.115625
0 0.34573363905466087 0.33046875 0.013199957649130577 0.1203125
0 0.30718474434265924 0.2421875 0.010020415494652823 0.1109375
1 0.29269499746591726 0.315625 0.012328324939181456 0.2390625
1 0.272359250687371 0.45390625 0.01279089149054773 0.05
0 0.24655527478967204 0.4578125 0.013154505853732523 0.1125
1 0.21917061817381372 0.46484375 0.013027240826617792 0.090625
1 0.18608943170011788 0.6453125 0.012046523807713339 0.190625
0 0.1646911546709507 0.69765625 0.013490849139678306 0.1703125
0 0.1463461965308408 0.49375 0.009974963699254769 0.103125
1 0.021656310501242053 0.171875 0.014607921544777063 0.09375
0 0.12801889822804302 0.42109375 0.013918096016420379 0.24375
0 0.07489896428842996 0.2859375 0.013509029857837574 0.1734375