0 0.0390625 0.6275710089769904 0.01875 0.17823408430895532
0 0.125 0.8483834787263694 0.0203125 0.20949317466803521
1 0.1921875 0.6800243641667929 0.025 0.14858294574527378
0 0.28828125 0.8571459212501894 0.01875 0.20010908430895533
1 0.38125 0.9456084575509347 0.021875 0.10878308489813052
1 0.46015625 0.8784583607489473 0.01875 0.1344840843089557
1 0.5265625 0.8108759510098311 0.015625 0.10946590359079629
1 0.54375 0.716444694959707 0.01875 0.15323408430895533
1 0.6 0.5909906978865732 0.0171875 0.17822499394987582
1 0.60703125 0.4902503545024315 0.0171875 0.14541249394987582
1 0.678125 0.2422264658405541 0.021875 0.06731476502711464
1 0.69765625 0.19780884532904933 0.0171875 0.0641624939498758
0 0.7828125 0.3256480198988885 0.0203125 0.16105567466803503
1 0.8453125 0.22757413426207318 0.015625 0.1047784035907962
0 0.89921875 0.18101275165032 0.0203125 0.18918067466803504
0 0.96015625 0.3626172756544251 0.021875 0.21887726502711474