1 0.6484375 0.3234375 0.0109375 0.1046875
0 0.68984375 0.42578125 0.009375 0.13125
0 0.8953125 0.4484375 0.009375 0.0953125
0 0.86484375 0.33984375 0.00625 0.09375
1 0.85390625 0.3890625 0.0078125 0.1921875
1 0.8390625 0.50546875 0.00625 0.0609375
0 0.81953125 0.5109375 0.009375 0.084375
1 0.79921875 0.52265625 0.00625 0.084375
1 0.775 0.659375 0.009375 0.146875
0 0.759375 0.69765625 0.0078125 0.128125
0 0.7296875 0.49375 0.0078125 0.165625
0 0.49609375 0.46171875 0.0078125 0.1375
0 0.478125 0.3359375 0.0109375 0.0828125
1 0.45546875 0.3328125 0.009375 0.0875
0 0.415625 0.34609375 0.009375 0.109375
1 0.28203125 0.1859375 0.009375 0.084375
1 0.11796875 0.39921875 0.009375 0.06875
1 0.03125 0.5125 0.0109375 0.103125