0 0.9214771077238855 0.46875 0.013063602262936059 0.096875
1 0.8836044030016209 0.4046875 0.019831752730474505 0.1859375
1 0.8647822010098313 0.5265625 0.011319295081344194 0.065625
1 0.8226719690620079 0.53984375 0.013045421544777013 0.09375
1 0.7945702158405541 0.678125 0.018041993753484142 0.146875
0 0.7775917940993853 0.7140625 0.017951090162687856 0.13125
0 0.7537310715213359 0.50703125 0.01667039129415606 0.1796875
0 0.7158356409013725 0.4390625 0.013254499803608155 0.1296875
0 0.5199418788011242 0.4734375 0.016497674471643364 0.15
1 0.4832362434588965 0.34140625 0.01300906010845857 0.0875
0 0.4387504452542945 0.34921875 0.0209306444174139 0.10625
1 0.3397260962128121 0.1140625 0.023964740826617793 0.090625
1 0.3127732316532357 0.18125 0.014526108313060514 0.0796875
1 0.05137368598271652 0.5046875 0.014689734776493624 0.1078125
1 0.14135327048806365 0.39375 0.01447156615858276 0.0703125