0 0.93671875 0.2656440797317692 0.0234375 0.17982385538619425
1 0.83828125 0.1544980223537851 0.0171875 0.0829124939498758
1 0.7828125 0.20482073010111151 0.01875 0.17823408430895543
0 0.77421875 0.23065197707604942 0.01875 0.13917158430895543
1 0.7 0.12249001913233126 0.0203125 0.05636817466803503
1 0.68046875 0.15775989862082648 0.015625 0.0532159035907962
1 0.60234375 0.35430816657480735 0.0234375 0.12357385538619425
1 0.5890625 0.43563543462698406 0.0296875 0.1392352168225127
1 0.5296875 0.5312933682720096 0.0203125 0.12199317466803503
1 0.50625 0.6072109736582039 0.01875 0.09698408430895533
1 0.371875 0.711898994539051 0.0234375 0.09076135538619426
0 0.28828125 0.6280103287498106 0.025 0.16420794574527378
0 0.0734375 0.45972900312325804 0.0359375 0.20177157825883113