0 0.99296875 0.5612456731950971 0.0109375 0.12350113251355736
1 0.94765625 0.4812945527817881 0.015625 0.24852840359079628
1 0.92578125 0.6319485377546735 0.0109375 0.08131363251355736
1 0.87734375 0.6504167366232053 0.0140625 0.1125818132317166
1 0.8421875 0.8244309535439139 0.015625 0.1829034035907963
0 0.82265625 0.8719735740554186 0.0109375 0.17350113251355737
0 0.7953125 0.5975957427715255 0.0109375 0.21568863251355735
0 0.75 0.5082696223582165 0.0125 0.16413522287263688
1 0.62421875 0.25831909845230727 0.0125 0.04382272287263689
0 0.5125 0.5389191377781145 0.01875 0.19073408430895533
0 0.49453125 0.35834584864869895 0.0171875 0.09228749394987582
1 0.46796875 0.3613163125443455 0.0171875 0.11259999394987581
0 0.4140625 0.3735026951560987 0.025 0.13920794574527395
1 0.25625 0.1405533188890573 0.01875 0.10948408430895543
0 0.19140625 0.2886135689872532 0.0125 0.056322722872636885
1 0.0421875 0.4104016896951497 0.01875 0.0954215843089555