0 0.837411037184508 0.6916139083643742 0.009656801131468029 0.048492042154477846
1 0.7615616094914108 0.7028917759490126 0.014553379390299348 0.08445681323171658
0 0.6810746787732517 0.7055486224564124 0.01290906615858276 0.07038522287263689
0 0.5684848169441497 0.45176002624360034 0.01300906010845857 0.08757272287263689
0 0.6004973653451433 0.5894509237842722 0.016297686571891744 0.11571590359079628
0 0.5610722927436529 0.3829645744482022 0.013345403394404442 0.1453852228726369
1 0.5490717416121849 0.4313338967551051 0.010665830989305647 0.22192954215447766
0 0.5085371243221338 0.5498520925985748 0.014544289031219649 0.08289431323171641
1 0.4825877026791609 0.578608351673761 0.01605224687674216 0.07352840359079629
1 0.4690382870863122 0.6246248336215844 0.009774975799503238 0.06880454215447784
1 0.45863659739116247 0.6667532462875668 0.014735186571891745 0.11570681323171642
0 0.4427207059006147 0.7166623426967706 0.01289088544042354 0.06726022287263689
0 0.4189973804704539 0.6313651921310366 0.016197692622015935 0.09852840359079611
0 0.40223712734719597 0.5578276981811607 0.014844270880847077 0.1344568132317166