0 0.9250160971947707 0.534375 0.013236319085449111 0.1265625
0 0.8984450277165383 0.4015625 0.013172686571891745 0.115625
1 0.880907548891973 0.46171875 0.023265824939181456 0.2390625
1 0.8542854406771083 0.60625 0.016097698672140125 0.08125
1 0.8057524919067725 0.62265625 0.01623405405833438 0.1046875
1 0.763378118664793 0.7890625 0.019822662371394982 0.184375
0 0.7451366578924045 0.8359375 0.011882897344280252 0.1625
0 0.7415627268796576 0.64453125 0.009820427594901204 0.0765625
0 0.729553606269957 0.56015625 0.010365849139678219 0.1703125
0 0.689360398326239 0.4859375 0.011710180521767555 0.1328125
1 0.5827887323406067 0.27265625 0.01428975897699054 0.0390625
1 0.44156376864135194 0.37578125 0.016215873340175158 0.1015625
0 0.3977637716664141 0.384375 0.014844270880847166 0.134375
1 0.2761710936787293 0.2015625 0.016206782981095458 0.1
1 0.09747742535540607 0.43359375 0.012954517953980883 0.078125