0 0.9385620093697739 0.22578035098639004 0.01978630093507654 0.17823408430895543
0 0.9891745668459538 0.38936158283601746 0.018341975603111394 0.1985374939498758
1 0.693789864854164 0.2657639597904299 0.01756929508134384 0.06572499394987581
1 0.605053576019336 0.4777548996819713 0.02103972872636941 0.12511817466803504
1 0.5912678110904173 0.5643963816297946 0.024319264830722886 0.15169885538619426
1 0.5258013714934634 0.6710503817279905 0.021076090162687855 0.13136817466803502
1 0.5035127601553409 0.7420168667008757 0.02080337939029935 0.08449317466803503
1 0.352108820558387 0.8481708970496926 0.023964740826617793 0.09076135538619426
0 0.2549252692305271 0.7663527496072164 0.022856758780598695 0.16887726502711473
1 0.1596951033430908 0.61735619252382 0.024173819085449022 0.12669885538619424
0 0.012662584701738871 0.5868005632317166 0.025325169403477742 0.21110112646343318