0 0.05625 0.5309227470731338 0.01875 0.16104658430895533
0 0.1296875 0.7078392501963917 0.0171875 0.1750999939498758
1 0.18125 0.6497267683467645 0.01875 0.08292158430895533
1 0.190625 0.5699847261922867 0.0203125 0.12355567466803503
0 0.2734375 0.7124716871610669 0.015625 0.17040340359079628
1 0.35625 0.787771148129847 0.0234375 0.09701135538619425
1 0.42734375 0.7264200367917246 0.01875 0.11260908430895533
1 0.4875 0.6721638079671592 0.0171875 0.0985374939498758
1 0.50625 0.5954922236582039 0.0203125 0.12824317466803503
1 0.5609375 0.4865803110904173 0.0203125 0.15324317466803503
1 0.571875 0.3997979285768599 0.0234375 0.12357385538619425
1 0.64453125 0.18843772687965768 0.01875 0.05792158430895542
1 0.66328125 0.14614114257070226 0.01875 0.05635908430895542
0 0.69765625 0.15140990467095067 0.0125 0.15788522287263698
0 0.74140625 0.25428037461672137 0.0125 0.140697722872637
1 0.80390625 0.16797926025353668 0.0171875 0.0907249939498758
0 0.85859375 0.12391109768575007 0.015625 0.17196590359079617
0 0.90703125 0.28222304655428193 0.0171875 0.1875999939498758
1 0.875 0.16053439891541407 0.01875 0.09229658430895542