0 0.5149371152469475 0.52109375 0.023084017757589236 0.2078125
0 0.7476723471947707 0.534375 0.019940837039429837 0.2046875
0 0.9105041453011768 0.47734375 0.01796927088084708 0.134375
0 0.7778087782075176 0.72578125 0.02135789129415606 0.1796875
0 0.8366939405789126 0.54140625 0.01627041549465318 0.1109375
0 0.43450070238457333 0.38125 0.0226658612399266 0.1359375
0 0.25342796438662585 0.35078125 0.016070427594901293 0.0765625
0 0.008622251905314508 0.6 0.017244503810629017 0.1453125
0 0.7059439103282914 0.45546875 0.019659035907961808 0.15625
1 0.8679853680756178 0.4 0.025019222479853553 0.271875
1 0.8147462177062756 0.55390625 0.0209670058537327 0.1125
1 0.14112743140553027 0.45078125 0.022429511903856714 0.0953125
1 0.5952478257247484 0.2796875 0.019222698672140125 0.08125