0 0.862192868566597 0.72421875 0.01598861436318444 0.0625
0 0.6839951456939602 0.73671875 0.016097698672140125 0.08125
0 0.6030178564663488 0.68984375 0.019404505853732525 0.1125
0 0.5957325972929666 0.59921875 0.01637040944452863 0.128125
0 0.5591143621236896 0.44765625 0.016206782981095458 0.1
0 0.5540819493595113 0.37265625 0.018069264830722888 0.1515625
1 0.5381342416121847 0.428125 0.012337415298261156 0.240625
1 0.46377407016560357 0.58671875 0.016097698672140125 0.08125
0 0.41759344087350003 0.7359375 0.01291815651766246 0.071875
0 0.3931979497522946 0.63203125 0.016261325135573212 0.109375
0 0.37569735324489495 0.5515625 0.013336313035324832 0.14375
0 0.0685979255517978 0.56328125 0.014626102262936303 0.096875