0 0.018547928576859912 0.571875 0.03138739714788852 0.2921875
0 0.4088593111886131 0.62578125 0.036238523611321585 0.3203125
0 0.4507508536376784 0.8109375 0.03751013212077403 0.2703125
0 0.7907178443661003 0.65546875 0.02749880698520073 0.1609375
0 0.6888473139190876 0.43984375 0.026109023807713426 0.190625
0 0.8616974439967582 0.809375 0.02609993344863355 0.1890625
0 0.3447200640172835 0.5046875 0.024601065962191093 0.2
1 0.07198200078556691 0.51875 0.024191999803608265 0.1296875
1 0.16827678044701275 0.215625 0.02080337939029935 0.084375
1 0.2798404734618122 0.3765625 0.02279312626704133 0.1578125
1 0.5251206363241863 0.51640625 0.02448289129415606 0.1796875
1 0.5943887867917246 0.42734375 0.03022383118569749 0.0921875
1 0.6246626149523599 0.3265625 0.033921523807713426 0.190625
0 0.7282320007855669 0.51875 0.027344270880847076 0.134375