1 0.640625 0.35685204722264324 0.0125 0.09851022287263689
0 0.68125 0.4531821465587133 0.009375 0.12505454215447767
0 0.875 0.4722781010845859 0.0109375 0.09068863251355737
0 0.84453125 0.36975708908253335 0.0078125 0.08910795179539806
1 0.8359375 0.4165820921075955 0.0109375 0.18131363251355737
1 0.82421875 0.5266701644144984 0.0078125 0.05785795179539797
0 0.80546875 0.5320298301055428 0.009375 0.07974204215447785
1 0.78671875 0.5428582457965876 0.0078125 0.08129545179539796
1 0.765625 0.6724230259490127 0.0109375 0.13756363251355735
0 0.7515625 0.7082787127172961 0.009375 0.12036704215447784
0 0.7203125 0.5166906555357038 0.009375 0.15786704215447767
0 0.5 0.48884641490547764 0.009375 0.13130454215447784
0 0.48046875 0.3699827854169825 0.0125 0.07819772287263689
1 0.459375 0.3675163155694076 0.009375 0.08286704215447775
0 0.42109375 0.380574851771957 0.009375 0.10317954215447767
1 0.29296875 0.23139194232742835 0.009375 0.07974204215447767
1 0.14140625 0.43441642749670545 0.009375 0.06411704215447785
0 0.0171875 0.6180687439498758 0.0109375 0.05162613251355737
0 0.01171875 0.5695994276930971 0.009375 0.06411704215447767
1 0.06171875 0.5417653191836449 0.0125 0.09851022287263689