0 0.015231132022578003 0.33515625 0.020912463699254768 0.103125
0 0.07792709562363691 0.503125 0.02131243949875796 0.171875
0 0.15170145979042987 0.6953125 0.019840843089554118 0.1875
1 0.2091639809658646 0.63515625 0.02083065046753818 0.0890625
1 0.22116855639602545 0.55 0.022647680521767556 0.1328125
0 0.3048900923039872 0.70625 0.019813572012315282 0.1828125
1 0.39132301687382637 0.79140625 0.02559996369925468 0.103125
1 0.46985656215156196 0.72734375 0.019449957649130666 0.1203125
1 0.5359446495837754 0.67265625 0.01935905405833438 0.1046875
1 0.5589049057320954 0.590625 0.022674951599006475 0.1375
1 0.6207413095192834 0.4765625 0.022829487703359776 0.1640625
1 0.6350532735131258 0.38515625 0.025772680521767555 0.1328125
1 0.7204675569852006 0.1609375 0.020676114363184794 0.0625
1 0.7413022317514315 0.11640625 0.020657933645025394 0.059375
0 0.77805734318775 0.12265625 0.013481758780598697 0.16875
0 0.8208993490414824 0.23515625 0.014935174471643364 0.15
1 0.8914749485739442 0.14609375 0.019313602262936058 0.096875
0 0.9505863281606353 0.10078125 0.018260162371394984 0.184375
0 0.9934641745698393 0.27109375 0.013071650860321426 0.2015625
1 0.9672198371376257 0.13984375 0.020885192622015936 0.0984375