0 0.8747075458669109 0.453125 0.013045421544777013 0.09375
1 0.8328745698710159 0.3921875 0.01664312021691714 0.175
1 0.8227814315037261 0.515625 0.011319295081344194 0.065625
1 0.7851859827333902 0.53203125 0.014553379390299348 0.084375
1 0.7656633022116226 0.66484375 0.01488972267624522 0.1421875
0 0.7506104739527915 0.70078125 0.014807909444528634 0.128125
0 0.734976904474559 0.56796875 0.017732921544777014 0.09375
0 0.7158274495559029 0.50234375 0.016606758780598696 0.16875
1 0.5425040999252453 0.3484375 0.014544289031219649 0.0828125
1 0.5372348169441497 0.4484375 0.014598831185697492 0.0921875
0 0.4901689194034777 0.48125 0.016443132317165522 0.140625
1 0.44713705777076757 0.3578125 0.011392017953980904 0.078125
0 0.40405922346181217 0.3765625 0.02404655405833438 0.1046875
1 0.12245924463724685 0.43671875 0.011337475799503194 0.06875
1 0.04211269360397456 0.55 0.013072692622015913 0.0984375