1 0.5518822252103279 0.4578125 0.043505602066544566 0.2265625
1 0.48870149004105096 0.609375 0.041888559912066727 0.2171875
1 0.356743483794535 0.75625 0.022529505853732524 0.1125
1 0.19647762860473245 0.603125 0.035883999607216534 0.259375
1 0.786719270880847 0.134375 0.0209488251355733 0.109375
1 0.6239788972460845 0.22734375 0.03510222872636941 0.125
0 0.07480664080317671 0.50390625 0.02449198165323565 0.18125
0 0.2805713483541114 0.6890625 0.02611811416679295 0.1921875
0 0.7079771682251274 0.296875 0.027671523807713427 0.190625
0 0.8574004513044187 0.33203125 0.02937037919390768 0.2140625
1 0.8255095809893056 0.221875 0.022702222676245044 0.1421875
0 0.14533328512239488 0.675 0.02466469847574837 0.2109375
0 0.013904981358648063 0.37578125 0.02107609016268789 0.13125