0 0.5017422236582039 0.5091861859827166 0.021476065962190916 0.20011817466803503
0 0.722713253810629 0.5315662217924825 0.019886294884952173 0.19542158430895534
0 0.8808121001216369 0.4832655980595238 0.017932909444528633 0.1282249939498758
0 0.7450735462596944 0.7168588271786767 0.019759029857837618 0.17354658430895534
0 0.8078149616561513 0.5414366463623216 0.016243144417413903 0.10634090359079629
0 0.42831888007767044 0.3720356439264346 0.021076090162688032 0.13136817466803502
0 0.256643867977422 0.3366607044276767 0.014489746876741982 0.0735193132317166
0 0.01066855308588059 0.564916472872637 0.02133710617176118 0.13919885538619425
0 0.6856632265850701 0.45400430317457163 0.018060174471643365 0.1500999939498758
1 0.8421904825369986 0.40725708908253344 0.023393089966295834 0.26106476502711473
1 0.7866530339630542 0.5530326765147467 0.019377234776493602 0.10792158430895533
1 0.14517458197126437 0.4274215389330239 0.02084883118569745 0.09230567466803503
1 0.585881916083828 0.28154297501393627 0.017632927594901204 0.07666249394987582