0 0.030107597292966602 0.5994141927202119 0.019759029857837562 0.17354658430895534
0 0.10540653738089974 0.8170471203151131 0.021503337039429925 0.20480567466803484
1 0.17822693472517998 0.6549652768327755 0.025845403394404443 0.14545794574527376
0 0.2647088145082628 0.8304743369412341 0.019886294884952173 0.19542158430895534
1 0.3516452122453265 0.9278583970496925 0.020985186571891745 0.11574317466803521
1 0.4317417784039093 0.8580095053627531 0.019504499803608334 0.1297965843089557
1 0.4985207331261736 0.794333345623637 0.014680644417414079 0.10633181323171659
1 0.5193650191323312 0.7030452702916719 0.019613584112563663 0.14854658430895534
1 0.5778820219610017 0.5822878635776177 0.01820562021691714 0.1750999939498758
1 0.5893922145830175 0.48391399609117514 0.01801472267624522 0.1422874939498758
1 0.6689080395221991 0.245306014045156 0.02069429508134384 0.06574317466803503
1 0.6894750695764283 0.20167418871319104 0.015988614363184793 0.06259090359079619
0 0.7676359101318997 0.33025825184671176 0.02123062626704133 0.15793067466803504
1 0.8314671268562165 0.23609516138943626 0.014662463699254858 0.10320681323171658
0 0.886404611730906 0.19344457395722287 0.021385162371394983 0.18449317466803503
0 0.9384933107958296 0.37187864616592986 0.02312037919390768 0.21418976502711465