0 0.93125 0.49765625 0.0109375 0.1140625
1 0.88984375 0.42578125 0.0125 0.225
1 0.8734375 0.56796875 0.0109375 0.0765625
1 0.83046875 0.5890625 0.009375 0.0859375
1 0.80078125 0.75390625 0.0109375 0.153125
0 0.7859375 0.79140625 0.0125 0.1453125
0 0.78203125 0.70234375 0.0125 0.0671875
0 0.7734375 0.61171875 0.0140625 0.08125
0 0.75625 0.54765625 0.0140625 0.20625
0 0.7125 0.46640625 0.0125 0.1515625
0 0.50390625 0.50703125 0.015625 0.1734375
0 0.48359375 0.35546875 0.0171875 0.1
1 0.459375 0.35234375 0.0109375 0.1046875
0 0.41015625 0.36484375 0.025 0.121875
1 0.26328125 0.16171875 0.0109375 0.096875
1 0.08515625 0.4203125 0.009375 0.084375