1 0.959375 0.42578125 0.0140625 0.19609375
1 0.9421875 0.54296875 0.01171875 0.06328125
1 0.8984375 0.5609375 0.01640625 0.09296875
1 0.86796875 0.70078125 0.0140625 0.146875
0 0.85078125 0.74140625 0.009375 0.1390625
0 0.825 0.534375 0.0109375 0.1875
0 0.55 0.37109375 0.01484375 0.08828125
1 0.52578125 0.36953125 0.0140625 0.09453125
0 0.475 0.38046875 0.02578125 0.11953125
1 0.32734375 0.21328125 0.01171875 0.09375
0 0.2703125 0.33203125 0.0109375 0.040625
1 0.1375 0.440625 0.01171875 0.07265625
1 0.03828125 0.56171875 0.01328125 0.11796875
0 0.56875 0.5 0.01171875 0.15234375