1 0.76015625 0.34921875 0.0328125 0.2734375
0 0.21015625 0.5609375 0.021875 0.2328125
0 0.6359375 0.4953125 0.0171875 0.14375
0 0.36171875 0.72890625 0.015625 0.128125
0 0.09296875 0.640625 0.01875 0.1578125
0 0.0765625 0.50625 0.0140625 0.19375
0 0.1484375 0.5046875 0.015625 0.15
0 0.18359375 0.30234375 0.028125 0.296875
1 0.69453125 0.60859375 0.01875 0.11875
0 0.56640625 0.52890625 0.0140625 0.109375
1 0.4921875 0.61640625 0.021875 0.0890625
1 0.31484375 0.72265625 0.01875 0.1109375
0 0.26015625 0.72109375 0.0171875 0.11875
1 0.13125 0.51875 0.0140625 0.1