1 0.7789955909482548 0.3875 0.03122377068445541 0.2640625
0 0.24041383821778028 0.5734375 0.02318401170746496 0.225
0 0.6531956393492484 0.525 0.017996541958085997 0.1390625
0 0.3800661697962612 0.740625 0.0163431383672898 0.1234375
0 0.12358034134103826 0.646875 0.01963176483072293 0.1515625
0 0.11340188632418635 0.51640625 0.015153343089554117 0.1875
0 0.18292859114464655 0.5171875 0.01647040339440444 0.1453125
0 0.22389954567051912 0.3234375 0.029788535711569964 0.2859375
1 0.7056752238545956 0.6359375 0.017851096212812046 0.1140625
0 0.5858354225267357 0.5546875 0.014680644417414079 0.10625
1 0.5095723834955159 0.6375 0.022374969749379046 0.0859375
1 0.3347945764121195 0.73359375 0.017805644417414078 0.10625
0 0.2824690071302787 0.73046875 0.017851096212812133 0.1140625
1 0.16565927791292995 0.53125 0.014626102262936324 0.096875