0 0.03984375 0.5778931958434697 0.034375 0.2955124878997516
0 0.434375 0.6357541301758662 0.040625 0.32523634933607004
0 0.47421875 0.8238035760193361 0.040625 0.2736738493360701
0 0.81953125 0.6702321066627406 0.0296875 0.1642352168225127
0 0.71953125 0.45128263964383597 0.028125 0.19235112646343316
0 0.88984375 0.8276355405041578 0.0296875 0.1907977168225127
0 0.3703125 0.5126893348981306 0.028125 0.2017261264634332
1 0.09453125 0.5228875332756832 0.025 0.13139544574527395
1 0.1953125 0.2176137051150478 0.021875 0.08606476502711465
1 0.30625 0.3825932896203949 0.025 0.15952044574527396
1 0.553125 0.5256882628858153 0.0265625 0.18296703610435347
1 0.62421875 0.43699340154769273 0.03125 0.0954943071815924
1 0.65625 0.33602579918656056 0.0359375 0.19395907825883113
0 0.75859375 0.5323053806668456 0.03125 0.13768180718159223