1 0.28159193022717993 0.32734375 0.02811695140261463 0.2671875
1 0.7270963695295461 0.62890625 0.030623806985200553 0.1609375
1 0.826504975308524 0.39296875 0.02885222872636959 0.125
1 0.887151062937129 0.20859375 0.03177724082661797 0.090625
1 0.5290174178323439 0.55625 0.02905221662612103 0.159375
1 0.1742577158405541 0.678125 0.02016809601642038 0.24375
1 0.20666517398066397 0.47421875 0.021085180521767555 0.1328125
0 0.33562090007475476 0.3484375 0.022929481653235672 0.18125
0 0.4244208214231401 0.571875 0.01821471057599684 0.1765625
0 0.4868577097904298 0.6953125 0.018241981653235585 0.18125
0 0.6008565772768726 0.684375 0.022856758780598695 0.16875
0 0.6848139416400573 0.746875 0.019149975799503238 0.06875
0 0.11191575536275315 0.43671875 0.020531710379605085 0.30625
0 0.23317313182618626 0.46484375 0.01655221662612103 0.159375
0 0.057922626070649665 0.2875 0.016879469552987247 0.215625