1 0.9039578096174793 0.41696388718893945 0.012963608313060603 0.07976022287263689
0 0.8685061229473916 0.36597810410964804 0.013127234776493423 0.10788522287263688
0 0.8264453670936593 0.25323720959403817 0.010002234776493424 0.10786704215447766
1 0.7528396954506863 0.22390371271729612 0.021194264830722887 0.15168067466803503
0 0.6107430990414825 0.2387014900410509 0.01206470452587265 0.19381363251355738
1 0.5394407916634985 0.3367208335233885 0.019395415494652825 0.11104658430895542
1 0.5320146319243821 0.40308163172799044 0.01768746974937905 0.08603749394987581
1 0.056202607429297724 0.6635857770291672 0.016243144417414014 0.10634090359079611
1 0.050298041074323195 0.7229244155928487 0.011392017953980881 0.07818863251355737
0 0.07218667661294262 0.7253954306199634 0.009847698672140127 0.08130454215447766
0 0.06792135742929772 0.6636539547222643 0.011573825135573234 0.10943863251355737
1 0.11275258927892513 0.7154755299560335 0.00988406010845857 0.08755454215447767
1 0.1496435352205907 0.6110061985739442 0.011401108313060515 0.07975113251355737
1 0.18000268003078818 0.4580630057555366 0.02001355991206686 0.21729658430895551