1 0.9675572221852657 0.46640625 0.014580650467538448 0.0890625
0 0.9297208788993199 0.40859375 0.014753367290050789 0.11875
0 0.887578309813871 0.28203125 0.010074957649130667 0.1203125
1 0.8069095719141194 0.24765625 0.024419258780598696 0.16875
0 0.6475936592481369 0.2578125 0.013754469552987203 0.215625
1 0.5654038488450908 0.36484375 0.02102154800821019 0.121875
1 0.5541168909013725 0.4390625 0.020876102262936413 0.096875
1 0.015087248919845492 0.71328125 0.017878367290050944 0.11875
1 0.008433248821649628 0.778125 0.008321560108458591 0.0875
0 0.031107679539808863 0.78125 0.011464740826617826 0.090625
0 0.027587248919845493 0.71328125 0.013209048008210178 0.121875
1 0.07558438738533116 0.771875 0.011501102262936302 0.096875
1 0.12100999599297926 0.65703125 0.013018150467538181 0.0890625
1 0.16143448721238055 0.48828125 0.021712415298261113 0.240625