1 0.1284314678044714 0.6179818646577724 0.02264768052176751 0.13293976502711474
0 0.23302299815328825 0.7681495154198981 0.027562439498757918 0.17202953610435365
0 0.06514515174408445 0.753501729020957 0.022893120216917185 0.17512726502711473
1 0.3356525735834491 0.8527058017206433 0.019295421544777015 0.09385908430895569
1 0.4141411879466338 0.7897512837666625 0.02250223477649378 0.10793976502711473
1 0.49694057328886154 0.6572427899149826 0.0195408612399266 0.13604658430895533
1 0.4800661697962612 0.7378069886853185 0.019295421544777015 0.09385908430895533
1 0.5522871243221339 0.5436433773471958 0.02120335518980241 0.15324317466803503
1 0.5598319796101322 0.45532122073133763 0.017987451599006478 0.13759999394987582
0 0.6338381479334554 0.2228672690341354 0.017560204722264317 0.0641624939498758
0 0.6926273406536672 0.18893263056864976 0.02289312021691714 0.17512726502711465
1 0.7538143046475095 0.27997981138500483 0.016797656321270792 0.20165340359079612
1 0.8135620093697739 0.21557187773997938 0.016188602262936412 0.0969659035907962
0 0.8724057442444634 0.1722622392744937 0.021385162371394983 0.18449317466803503
0 0.9323433047457055 0.3437827152703886 0.021494246680350316 0.20324317466803504