0 0.87666353571157 0.29102810108458593 0.019749939498758095 0.17198408430895543
1 0.7799516412941561 0.18421904400118944 0.016088608313060603 0.0797784035907962
1 0.7278987827847038 0.2339145169720222 0.01661584913967822 0.17040340359079612
0 0.7210084333504378 0.25809236035616395 0.016397680521767554 0.1329034035907962
1 0.6461851744716433 0.15375431829988212 0.01906816256778665 0.05479658430895542
1 0.6284164123713949 0.1880247791704665 0.01592498184962743 0.0516534035907962
1 0.5584316861791082 0.37823616783234393 0.021003367290050968 0.11886817466803504
1 0.5471629089535494 0.4555117401392468 0.025772680521767555 0.13295794574527395
1 0.4930162853187866 0.5481623275714601 0.01786927693097127 0.11728749394987581
1 0.47156853219552863 0.6214725625443455 0.017732921544777014 0.09384999394987581
1 0.34481565553570376 0.7222941982793566 0.02237496974937896 0.08606476502711473
0 0.26310204722264324 0.6421339996072166 0.02123062626704133 0.15793067466803504
0 0.05279983059652227 0.48154089149054774 0.033930614166792994 0.1923783975406721