0 0.91015625 0.4796875 0.00859375 0.1046875
1 0.8703125 0.4140625 0.0078125 0.2078125
1 0.85703125 0.54609375 0.00859375 0.07109375
1 0.81796875 0.56640625 0.00703125 0.07890625
1 0.79375 0.71875 0.0078125 0.140625
0 0.78046875 0.75390625 0.009375 0.134375
0 0.775 0.671875 0.0109375 0.06171875
0 0.765625 0.58828125 0.0109375 0.075
0 0.7484375 0.52890625 0.01015625 0.18984375
0 0.70703125 0.4546875 0.00859375 0.1390625
0 0.51484375 0.4953125 0.0109375 0.159375
0 0.49375 0.35546875 0.01484375 0.0921875
1 0.47109375 0.353125 0.00859375 0.096875
0 0.42578125 0.365625 0.021875 0.1125
1 0.28671875 0.1796875 0.00859375 0.08828125
1 0.12578125 0.421875 0.00703125 0.078125
1 0.0421875 0.55078125 0.01171875 0.1140625