0 0.0823186380727022 0.3175005965073997 0.013518120216917184 0.1750727228726369
0 0.13939131556940762 0.45857959358053346 0.015544228529977656 0.2547693132317166
0 0.18632644466511938 0.7372222231672245 0.01978630093507645 0.17823408430895551
1 0.20474464655871333 0.6800818888582691 0.018296523807713426 0.1907249939498758
1 0.23492652936685826 0.49630633167667676 0.013027240826617792 0.09069772287263689
0 0.4566520593228917 0.6036137958669109 0.02596357806243965 0.16577044574527394
0 0.5158730440993853 0.7110854074014252 0.011646548008210189 0.12193863251355737
1 0.553377068398078 0.5772689436039745 0.014626102262936414 0.0969568132317166
0 0.6290315742518104 0.689332606368153 0.013281770880847078 0.1344477228726369
1 0.7483310200952802 0.6487934438985622 0.016224963699254857 0.10321590359079628
1 0.8444964512062227 0.39197529645608603 0.013118144417413902 0.10632272287263689
1 0.8997056050916067 0.2127417935292198 0.012872704722264317 0.06413522287263689
1 0.3035578338179761 0.34121431069763375 0.015462415298261156 0.24070681323171658