0 0.121875 0.43515625 0.00859375 0.2515625
0 0.16015625 0.7234375 0.01015625 0.17578125
1 0.1828125 0.66875 0.0140625 0.19609375
1 0.21953125 0.48203125 0.01171875 0.09140625
1 0.2765625 0.47421875 0.00859375 0.05
1 0.29921875 0.33125 0.0125 0.24375
0 0.35390625 0.34609375 0.009375 0.11875
0 0.44296875 0.571875 0.01015625 0.1203125
1 0.546875 0.5703125 0.015625 0.09296875
0 0.62109375 0.68515625 0.01171875 0.12890625
1 0.74453125 0.646875 0.01171875 0.10390625
1 0.80703125 0.525 0.0125 0.1
1 0.84765625 0.39375 0.0125 0.09921875
1 0.90703125 0.2203125 0.01171875 0.06171875