1 0.01328125 0.94765625 0.0140625 0.1046875
1 0.06484375 0.909375 0.01875 0.1109375
1 0.075 0.7984375 0.0203125 0.1609375
0 0.13515625 0.78828125 0.015625 0.0671875
0 0.17578125 0.94140625 0.0203125 0.1171875
1 0.365625 0.971875 0.01875 0.05625
1 0.3765625 0.9234375 0.0171875 0.0765625
1 0.43671875 0.940625 0.0234375 0.11875
1 0.459375 0.83515625 0.0234375 0.175
1 0.47890625 0.721875 0.01875 0.090625
1 0.52265625 0.6875 0.0234375 0.203125
1 0.52890625 0.5625 0.0203125 0.1765625
1 0.53671875 0.4515625 0.0171875 0.1203125
1 0.609375 0.2578125 0.01875 0.084375
1 0.6296875 0.2046875 0.0171875 0.0765625
1 0.63828125 0.1453125 0.0171875 0.065625
0 0.671875 0.20859375 0.021875 0.215625
0 0.72890625 0.359375 0.021875 0.1984375
1 0.73828125 0.325 0.0234375 0.2609375
0 0.790625 0.25859375 0.01875 0.084375
1 0.80078125 0.23515625 0.01875 0.1265625
1 0.8109375 0.1546875 0.01875 0.078125
1 0.83203125 0.08671875 0.015625 0.084375
0 0.84296875 0.1125 0.01875 0.1375
0 0.86484375 0.175 0.0203125 0.2375
1 0.8890625 0.22109375 0.0203125 0.1234375
0 0.909375 0.22109375 0.0171875 0.0703125
0 0.9359375 0.39609375 0.021875 0.2640625
0 0.965625 0.553125 0.03125 0.13125