0 0.09619620560602711 0.51953125 0.026099933448633726 0.1890625
0 0.16492750400702075 0.65703125 0.018051084112563665 0.1484375
1 0.2226450761175319 0.5390625 0.019377234776493602 0.1078125
0 0.30469853113438383 0.66953125 0.019622674471643276 0.15
1 0.3839724197962612 0.740625 0.017660198672140127 0.08125
1 0.5079962479568965 0.63984375 0.017660198672140127 0.08125
1 0.5255837237563996 0.57109375 0.0178238251355733 0.109375
1 0.5761382356602563 0.47578125 0.01796927088084708 0.134375
1 0.5828200277165383 0.4015625 0.019404505853732344 0.1125
1 0.6495495063447118 0.21171875 0.01593407220870695 0.053125
1 0.666946084603543 0.17578125 0.015906801131468206 0.0484375
1 0.7500762262904825 0.25546875 0.015035168421519174 0.1671875
0 0.8951160155180939 0.30234375 0.016588578062439296 0.165625