0 0.009580763907367054 0.5718113674864427 0.019161527814734108 0.21106476502711474
0 0.08479003123257967 0.7338568495324618 0.015089710575996795 0.1766443132317166
1 0.1445059196980653 0.6749176658874363 0.01770565046753818 0.08916249394987581
1 0.1551485039088249 0.5912648285534188 0.01948631908544902 0.12667158430895534
0 0.24803037461672134 0.7399381570086417 0.01820562021691714 0.1750999939498758
1 0.3428929018422803 0.816727395104785 0.023982921544777012 0.09388635538619425
1 0.4237434469236243 0.7506342416121847 0.020985186571891745 0.11574317466803503
1 0.4912854709277294 0.6893058561717612 0.017714740826617968 0.0907249939498758
1 0.5120661244203297 0.6087189315037261 0.021076090162687855 0.13136817466803502
1 0.5720819947354426 0.4982172478587007 0.01964085518980241 0.15323408430895533
1 0.5835376452029809 0.4090911153451433 0.017960180521767555 0.1329124939498758
1 0.6598148406536672 0.1891235281093217 0.015961343285945874 0.057903403590796154
1 0.6795824399897372 0.1483848986208265 0.01594316256778665 0.0547784035907962
0 0.764883614854164 0.2572599288714475 0.01958631303532492 0.14385908430895541
1 0.8317943797830829 0.17015483861056374 0.019304511903856535 0.09542158430895542
0 0.8875267501963917 0.12451963086323733 0.019731758780598695 0.1688590843089554
0 0.94599271428843 0.2804241972182119 0.02142152380771307 0.19074317466803503