1 0.18125 0.6359375 0.03125 0.15
0 0.28671875 0.81328125 0.0296875 0.2015625
1 0.48125 0.84375 0.0265625 0.125
1 0.553125 0.78359375 0.0203125 0.1109375
1 0.5796875 0.6953125 0.025 0.1484375
1 0.646875 0.57578125 0.0234375 0.1734375
1 0.66171875 0.478125 0.021875 0.146875
1 0.753125 0.23515625 0.0171875 0.065625
1 0.7765625 0.19609375 0.01875 0.0609375
0 0.81484375 0.203125 0.021875 0.178125
1 0.86796875 0.30390625 0.0234375 0.215625
1 0.93125 0.24453125 0.01875 0.109375
0 0.98984375 0.20234375 0.0203125 0.1921875