0 0.06796875 0.5394483193800367 0.015625 0.18759090359079628
1 0.20859375 0.209723937062871 0.0125 0.0656977228726369
0 0.3859375 0.4829109313073344 0.0140625 0.17195681323171658
0 0.45078125 0.6020649314055303 0.015625 0.2672784035907963
0 0.50390625 0.7955058591968234 0.0234375 0.17201135538619425
1 0.56484375 0.4998388351927182 0.009375 0.11880454215447767
1 0.628125 0.40962692564999365 0.0140625 0.056331813231716585
1 0.653125 0.3087002299047198 0.0109375 0.17193863251355737
0 0.72421875 0.44188036856659724 0.01875 0.17823408430895532
0 0.76015625 0.4955775403077659 0.0125 0.08601022287263689
0 0.8296875 0.6498605193287229 0.021875 0.18137726502711474
0 0.8984375 0.7853980435292198 0.0125 0.14694772287263688