1 0.290625 0.23125 0.01015625 0.08125
0 0.8734375 0.4578125 0.009375 0.09296875
1 0.83515625 0.40390625 0.0078125 0.1765625
1 0.8234375 0.5171875 0.0109375 0.0625
1 0.7859375 0.53359375 0.0078125 0.0875
0 0.7546875 0.696875 0.01328125 0.1265625
0 0.7203125 0.50390625 0.0109375 0.15859375
0 0.68046875 0.43671875 0.009375 0.10703125
0 0.49921875 0.484375 0.015625 0.13359375
1 0.45859375 0.36796875 0.0078125 0.08515625
0 0.42109375 0.3765625 0.0140625 0.1078125
1 0.14375 0.4375 0.00859375 0.06796875
1 0.06640625 0.54453125 0.01015625 0.09296875