0 0.0234375 0.59765625 0.01875 0.1765625
0 0.10078125 0.81953125 0.0203125 0.2078125
1 0.17421875 0.65390625 0.025 0.1484375
0 0.26328125 0.83203125 0.01875 0.1984375
1 0.353125 0.93046875 0.0203125 0.11875
1 0.43359375 0.85859375 0.01875 0.1328125
1 0.5015625 0.79375 0.015625 0.1078125
1 0.521875 0.70078125 0.01875 0.1515625
1 0.58125 0.57734375 0.0171875 0.178125
1 0.59296875 0.4765625 0.0171875 0.14375
1 0.671875 0.2328125 0.021875 0.0671875
1 0.6921875 0.1890625 0.0171875 0.0640625
0 0.77265625 0.31875 0.0203125 0.1609375
1 0.8375 0.2234375 0.015625 0.1046875
0 0.89296875 0.17890625 0.0203125 0.1875
0 0.94765625 0.36015625 0.021875 0.2171875