0 0.8421875 0.6828125 0.0125 0.0515625
1 0.76328125 0.69296875 0.0171875 0.0875
0 0.6796875 0.69296875 0.0140625 0.0734375
0 0.56953125 0.42578125 0.0171875 0.090625
0 0.59921875 0.56953125 0.0203125 0.121875
0 0.56484375 0.35390625 0.01875 0.1515625
1 0.55 0.40390625 0.01875 0.2296875
0 0.5046875 0.52578125 0.0171875 0.0859375
1 0.47734375 0.55546875 0.01875 0.0765625
1 0.4609375 0.60234375 0.0140625 0.071875
1 0.44921875 0.64609375 0.01875 0.121875
0 0.43125 0.696875 0.0140625 0.0703125
0 0.409375 0.6078125 0.0203125 0.103125
0 0.39453125 0.53046875 0.0203125 0.140625