0 0.02578125 0.5232875090751863 0.0375 0.20959316861791083
1 0.15390625 0.6217608496306577 0.0125 0.08444772287263688
1 0.1578125 0.5342381237329586 0.015625 0.12040340359079629
0 0.2515625 0.6860364521881815 0.0265625 0.17202953610435348
1 0.34375 0.7605001210024842 0.01875 0.09385908430895533
1 0.475 0.5503615308397962 0.009375 0.13442954215447767
1 0.51640625 0.43605813632418633 0.015625 0.1532159035907963
1 0.51875 0.34541950078556694 0.0125 0.1344477228726369
1 0.5734375 0.11541383821778028 0.0125 0.06257272287263697
1 0.6765625 0.16012637451852552 0.01875 0.19698408430895542
0 0.83515625 0.20842245307194435 0.025 0.20014544574527388