0 0.0953125 0.5265625 0.01875 0.16796875
0 0.16171875 0.659375 0.01171875 0.13984375
1 0.21484375 0.54453125 0.01484375 0.10546875
1 0.209375 0.6125 0.01171875 0.07109375
0 0.29375 0.66875 0.01328125 0.14453125
1 0.3703125 0.734375 0.01328125 0.0828125
1 0.5015625 0.5734375 0.0109375 0.1046875
1 0.55 0.484375 0.0109375 0.12421875
1 0.55703125 0.409375 0.0109375 0.10234375
1 0.61875 0.23203125 0.0078125 0.053125
1 0.63515625 0.19765625 0.01015625 0.04921875
0 0.70390625 0.2921875 0.0109375 0.11640625
0 0.85234375 0.31953125 0.0140625 0.159375