0 0.1359375 0.4507716387600732 0.0265625 0.26265453610435363
0 0.1734375 0.7528972201421624 0.0234375 0.18451135538619426
1 0.196875 0.6933858647559681 0.0234375 0.20951135538619425
1 0.2359375 0.49784610577897775 0.015625 0.10009090359079628
1 0.2953125 0.4842194221339522 0.0140625 0.05476931323171641
1 0.31875 0.3317393167477579 0.0203125 0.259493174668035
0 0.37734375 0.3524921782822723 0.0171875 0.12978749394987582
0 0.475 0.6214552808397962 0.0328125 0.18612839754067192
0 0.65859375 0.7149184136479411 0.025 0.14233294574527378
0 0.79375 0.6735070975875542 0.015625 0.11415340359079629
1 0.86328125 0.5418525766085113 0.0140625 0.10633181323171641
1 0.91015625 0.3978298658361227 0.015625 0.1188409035907962
1 0.97890625 0.2021173900366195 0.0125 0.07038522287263689