0 0.01504127624360028 0.5711619276930971 0.02462833703942992 0.20482385538619424
1 0.14409297198887416 0.5969118823171655 0.01633404800821019 0.12196590359079629
0 0.2316934868195971 0.7489788972460845 0.019722668421519086 0.1672965843089555
1 0.32045652585081685 0.8323050025340828 0.01770565046753827 0.08916249394987581
1 0.4810571616840239 0.6410583546988231 0.0195408612399266 0.13604658430895533
1 0.5428890202916719 0.526578219062008 0.019704487703359773 0.16417158430895534
1 0.5548254180287356 0.42977594193464486 0.021112451599006477 0.13761817466803503
1 0.6424561864736958 0.18420034240218305 0.019131795081343838 0.06573408430895541
1 0.6648533612399268 0.13980090260883754 0.02071247579950324 0.06886817466803503
0 0.7054829064194665 0.14081850194490758 0.015098800935076363 0.17820681323171655
0 0.7538572947867564 0.2645332578968359 0.018178349139678217 0.17041249394987582
1 0.8345118762670414 0.16266220656897606 0.019413596212812224 0.11417158430895542
0 0.8998278040583344 0.10991900165032001 0.01676129488495235 0.19540340359079617
0 0.9579408067888089 0.29618829975672606 0.013772650271146603 0.218822722872637