0 0.06953125 0.833998270979043 0.0203125 0.21261817466803484
1 0.14375 0.6664613130353249 0.025 0.15014544574527394
0 0.234375 0.8482385538619427 0.01875 0.20167158430895532
1 0.32421875 0.9425112495090208 0.021875 0.11262726502711473
1 0.4078125 0.8765913337197802 0.01875 0.1344840843089557
1 0.4765625 0.8113663095192833 0.015625 0.10946590359079629
1 0.496875 0.7161719841873184 0.0203125 0.15480567466803502
1 0.55859375 0.5907498033709634 0.0171875 0.1813499939498758
1 0.56875 0.4900276407049809 0.0171875 0.14697499394987582
1 0.65 0.24128158937712096 0.021875 0.06887726502711464
1 0.67109375 0.1976543092246958 0.0171875 0.06572499394987581
0 0.75234375 0.33015825789683595 0.0203125 0.16261817466803502
1 0.81875 0.2328883481577197 0.015625 0.10634090359079611
0 0.875 0.1879031010845859 0.0203125 0.19074317466803503
0 0.93046875 0.37338205883191233 0.021875 0.22043976502711465