1 0.134375 0.6109375 0.0203125 0.1203125
0 0.24296875 0.74921875 0.03125 0.16328125
1 0.33828125 0.8859375 0.01875 0.0859375
1 0.34375 0.8171875 0.01640625 0.08828125
1 0.41953125 0.7515625 0.01953125 0.10390625
1 0.484375 0.69921875 0.01328125 0.09140625
1 0.5 0.6234375 0.01640625 0.12734375
1 0.553125 0.51328125 0.01640625 0.140625
1 0.55546875 0.42890625 0.02109375 0.11796875
1 0.62265625 0.21953125 0.01484375 0.059375
0 0.67890625 0.18125 0.0234375 0.14765625
1 0.7421875 0.259375 0.01484375 0.1765625
0 0.85546875 0.1578125 0.021875 0.165625
0 0.92109375 0.30390625 0.0265625 0.18125