0 0.03125 0.528125 0.015625 0.1421875
0 0.10625 0.703125 0.01328125 0.1546875
1 0.1609375 0.65078125 0.015625 0.08125
1 0.16875 0.57734375 0.015625 0.10703125
0 0.253125 0.71484375 0.01484375 0.15546875
1 0.3390625 0.790625 0.01796875 0.084375
1 0.4078125 0.73359375 0.0171875 0.0984375
1 0.46875 0.6828125 0.0171875 0.08125
1 0.4890625 0.615625 0.01484375 0.1203125
1 0.540625 0.5125 0.01953125 0.13671875
1 0.55234375 0.4390625 0.01328125 0.115625
1 0.6234375 0.2375 0.01328125 0.05546875
1 0.6421875 0.2015625 0.01328125 0.05234375
0 0.6765625 0.20625 0.01171875 0.1421875
0 0.7171875 0.30703125 0.01171875 0.13046875
1 0.725 0.2859375 0.01640625 0.17109375
1 0.77890625 0.23125 0.01328125 0.084375
1 0.80703125 0.13203125 0.01328125 0.05390625
0 0.83203125 0.19296875 0.01171875 0.15625
1 0.8484375 0.22578125 0.015625 0.08359375
0 0.8796875 0.34140625 0.0125 0.17578125