1 0.18624851298401118 0.6190732286281736 0.04502265027114651 0.2190045300542293
1 0.29382063934924846 0.5267271682251273 0.03667381908544902 0.12677157825883115
1 0.30610299161218474 0.4299203459182245 0.036519282981095455 0.10020907825883114
1 0.446487617977422 0.3377651830558503 0.03542039129415606 0.17988748789975162
0 0.4651921661820239 0.34568676736480575 0.03869992739850954 0.20646816861791084
0 0.5668541392510525 0.46346968588452064 0.03182269262201594 0.0986193071815924
1 0.589619473560008 0.44485149609117514 0.03198631908544911 0.1267443071815924
0 0.6036365217646098 0.45274580932289166 0.03524767447164336 0.1501999878997516
1 0.7603723350945224 0.5044406404103933 0.029343108116668758 0.2095386264634332
1 0.7964285306434045 0.34995767348968465 0.03348518657189174 0.11581589754067192
1 0.8321574732654204 0.25172470656897605 0.02865224082661797 0.09078862646343308