0 0.0109375 0.3304051174864427 0.0140625 0.09070681323171659
0 0.07734375 0.49955002722555897 0.0296875 0.1861102168225127
1 0.20703125 0.5222330274219507 0.0171875 0.1110374939498758
0 0.28984375 0.6623762383907309 0.0203125 0.15324317466803503
1 0.37109375 0.7369035397185908 0.0171875 0.0875999939498758
1 0.44296875 0.6833603832009284 0.0140625 0.10164431323171659
1 0.50546875 0.6329967688377437 0.0125 0.0813227228726369
1 0.525 0.5633518893492484 0.01875 0.11260908430895533
1 0.58046875 0.46693543160192197 0.01875 0.14229658430895534
0 0.75859375 0.2588678806668456 0.0171875 0.1266624939498758
0 0.92109375 0.29620373332256533 0.021875 0.17825226502711464