1 0.01612236534514335 0.5860511294884952 0.012899975799503183 0.06882272287263688
0 0.04659566052468316 0.5854471414905478 0.014462475799503183 0.06883181323171642
1 0.09518769662903666 0.559166442622016 0.009965873340175157 0.10161704215447767
1 0.17241833802138856 0.44476812021691714 0.009756795081343927 0.06567954215447784
0 0.45165638612779463 0.3893594993126289 0.016261325135573303 0.10946590359079619
0 0.5283501754536019 0.50152822208707 0.01958631303532492 0.14385908430895533
0 0.7075109555078313 0.4588190682016863 0.013245409444528632 0.1281977228726369
0 0.7477723411446465 0.5215554175377564 0.013481758780598697 0.1688227228726369
0 0.7801934348233759 0.7233133602579681 0.01637949980360833 0.1297784035907963
1 0.8124342839630542 0.5531826674395605 0.008330650467538092 0.08910795179539796
0 0.9019558470965748 0.4747945679070987 0.014635192622015935 0.09851931323171659