0 0.07004291451269422 0.759375 0.015098800935076406 0.178125
1 0.0786866614876321 0.76796875 0.018123806985200643 0.1609375
1 0.1387514870159888 0.61796875 0.019495409444528634 0.128125
0 0.23498665846257002 0.7765625 0.01664312021691714 0.175
1 0.3323798089301082 0.865625 0.019295421544777015 0.09375
1 0.4117036945669235 0.803125 0.016279505853732522 0.1125
1 0.4801218964605175 0.74609375 0.01772383118569749 0.0921875
1 0.5015287429679172 0.665625 0.019504499803608154 0.1296875
1 0.5626020774732643 0.5546875 0.01656130698520055 0.1609375
1 0.5722038155694076 0.459375 0.01637040944452863 0.128125
1 0.6536891231437835 0.23125 0.015970433645025393 0.059375
1 0.6737652738077134 0.190625 0.01595225292686635 0.05625
0 0.7635368218159235 0.3125 0.016515855189802586 0.153125
1 0.77276183089111 0.28671875 0.016788565962190916 0.2
1 0.8333266261688455 0.22265625 0.016188602262936058 0.096875
1 0.8639175751355733 0.109375 0.015997704722264316 0.0640625
0 0.8947908461146163 0.17890625 0.013545391294156061 0.1796875
1 0.9153306050916067 0.21796875 0.016179511903856535 0.0953125