0 0.04453125 0.5 0.021875 0.2046875
1 0.096875 0.46015625 0.0171875 0.09375
1 0.1859375 0.15234375 0.0171875 0.06875
0 0.37734375 0.43359375 0.0203125 0.184375
0 0.44921875 0.559375 0.0234375 0.284375
0 0.5078125 0.76171875 0.028125 0.1828125
1 0.52734375 0.64921875 0.0203125 0.20625
1 0.56875 0.44609375 0.0171875 0.121875
1 0.634375 0.35078125 0.015625 0.0671875
1 0.659375 0.24453125 0.0171875 0.1765625
0 0.71171875 0.28203125 0.0125 0.06875
0 0.73359375 0.38671875 0.0265625 0.2
0 0.8484375 0.60234375 0.0265625 0.184375
0 0.925 0.7453125 0.0171875 0.15625