0 0.5015625 0.5046875 0.0171875 0.19765625
0 0.72109375 0.52109375 0.01484375 0.19375
0 0.87578125 0.46953125 0.01484375 0.12734375
0 0.74765625 0.703125 0.015625 0.17109375
0 0.80546875 0.5296875 0.01328125 0.1046875
0 0.42578125 0.37109375 0.01796875 0.12890625
0 0.2546875 0.3390625 0.01328125 0.071875
0 0.01640625 0.57109375 0.02109375 0.1375
0 0.6828125 0.44609375 0.01484375 0.1484375
1 0.83671875 0.3953125 0.0171875 0.25703125
1 0.78515625 0.54140625 0.0171875 0.10703125
1 0.146875 0.43203125 0.01796875 0.090625
1 0.5796875 0.27734375 0.01640625 0.07578125