1 0.11337721965118311 0.15078125 0.019159066158582806 0.0703125
0 0.18479419827935667 0.340625 0.02332036709365921 0.2484375
1 0.24707148448190602 0.30234375 0.022374969749379046 0.0859375
0 0.31924192115199357 0.353125 0.017632927594901204 0.0765625
0 0.32695949326250473 0.47109375 0.016797656321270706 0.2015625
0 0.4066884207592102 0.6125 0.01746125253408266 0.315625
0 0.46975708908253344 0.84453125 0.02773515632127079 0.2015625
1 0.4939889537403057 0.7125 0.024719240630226125 0.2203125
1 0.5474128938282388 0.4953125 0.021094270880847078 0.134375
1 0.6272680445903646 0.38984375 0.017605656517662282 0.071875
1 0.6578589935570923 0.2765625 0.024628337039429838 0.2046875
0 0.7415850746445939 0.43359375 0.02468287919390768 0.2140625
0 0.8719276013791735 0.68046875 0.026209017757589236 0.2078125
0 0.9580156131848344 0.840625 0.016624939498758096 0.171875