1 0.981925148228043 0.42109375 0.01996810811666876 0.209375
1 0.9608899646812133 0.5453125 0.014462475799503239 0.06875
1 0.9146916755517978 0.56328125 0.02089428298109546 0.1
1 0.8778860462596944 0.7125 0.01810562626704133 0.1578125
0 0.8581048113850048 0.75546875 0.013363584112563841 0.1484375
0 0.8359535971947707 0.534375 0.016797656321270792 0.2015625
0 0.5471552384889268 0.3546875 0.019304511903856715 0.0953125
1 0.5213830788480064 0.353125 0.01777837334017516 0.1015625
0 0.4666364915139889 0.36328125 0.030432909444528634 0.128125
1 0.3137847231672245 0.18203125 0.014644282981095547 0.1
0 0.24977169926131532 0.3078125 0.012754530054229284 0.04375
1 0.10614389822804302 0.42109375 0.014517017953980905 0.078125
1 0.0017159943426592525 0.54765625 0.003431988685318505 0.1265625
0 0.5635382417103806 0.49296875 0.01657039734428025 0.1625