0 0.0734375 0.5738647468767419 0.028125 0.28141362646343315
0 0.45 0.6135555234149299 0.0328125 0.30956589754067193
0 0.49765625 0.7911765293668582 0.034375 0.25957498789975164
0 0.81875 0.6313258481577197 0.0265625 0.1548420361043535
0 0.7125 0.42680145374030565 0.025 0.18295794574527377
0 0.89296875 0.7778513902140015 0.025 0.18139544574527394
0 0.384375 0.499111228333586 0.0234375 0.19232385538619426
1 0.12109375 0.5194545028286705 0.021875 0.12512726502711474
1 0.203125 0.22618174668035032 0.0203125 0.08136817466803503
1 0.31640625 0.3776220477136226 0.021875 0.15168976502711456
1 0.5578125 0.5048077581914235 0.021875 0.17356476502711474
1 0.62109375 0.4176759177341481 0.028125 0.08922612646343317
1 0.64609375 0.32016511347942195 0.03125 0.1829943071815924
0 0.753125 0.5020378030763757 0.0265625 0.12984203610435366