0 0.09681799618937098 0.527889171544777 0.02766243344863375 0.18921703610435364
0 0.16794408332699678 0.6681419877033599 0.018051084112563665 0.1485374939498758
1 0.2242753756778662 0.5481612858097659 0.019377234776493602 0.10792158430895533
0 0.3078560110200939 0.6806743248409857 0.019631764830722886 0.15167158430895533
1 0.3895196223582165 0.7522407735131258 0.017669289031219736 0.0829124939498758
1 0.5123707941975812 0.6521776618804156 0.01766928903121965 0.0829124939498758
1 0.5291537732185382 0.5827464058302914 0.017832915494652823 0.1110374939498758
1 0.5793759661351416 0.48694809250037896 0.019531770880847076 0.13448408430895534
1 0.5851941740788599 0.4127657039366975 0.019404505853732525 0.11260908430895533
1 0.6504868550916066 0.22174579419758117 0.01594316256778665 0.0547784035907962
1 0.6666840268327755 0.18590374296791715 0.01590680113146803 0.04852840359079615
1 0.751522635145836 0.2660821223582165 0.015035168421519174 0.1672693132317166
0 0.8978936410977643 0.31458832093216077 0.01659766842151882 0.1672784035907962