1 0.109375 0.4609375 0.0203125 0.1421875
0 0.0109375 0.63125 0.021875 0.23125
1 0.11796875 0.3953125 0.025 0.1578125
1 0.16015625 0.2859375 0.0140625 0.0765625
1 0.1796875 0.21015625 0.015625 0.0796875
0 0.25234375 0.421875 0.0296875 0.28125
1 0.29296875 0.5375 0.01875 0.0890625
1 0.30546875 0.459375 0.0171875 0.103125
1 0.31484375 0.38046875 0.0171875 0.0953125
0 0.3421875 0.47265625 0.0203125 0.1390625
1 0.37265625 0.44140625 0.0203125 0.0875
0 0.38359375 0.44140625 0.015625 0.0875
0 0.390625 0.565625 0.0203125 0.215625
0 0.4625 0.7171875 0.01875 0.33125
0 0.50625 0.80078125 0.0171875 0.1578125
0 0.51484375 0.92734375 0.0296875 0.1453125
1 0.53203125 0.925 0.0234375 0.15
1 0.546875 0.8265625 0.0234375 0.234375
1 0.60546875 0.5921875 0.0234375 0.1453125
1 0.68515625 0.4796875 0.015625 0.0765625
1 0.72265625 0.35390625 0.025 0.2296875
0 0.74609375 0.2765625 0.015625 0.1
0 0.75234375 0.353125 0.0171875 0.0796875
0 0.778125 0.39140625 0.0171875 0.0796875
0 0.79765625 0.52265625 0.025 0.2296875
0 0.83671875 0.59140625 0.015625 0.115625
0 0.90859375 0.78515625 0.028125 0.2171875
0 0.92890625 0.9421875 0.0140625 0.115625
0 0.97734375 0.93359375 0.0171875 0.1328125