0 0.10410377624360027 0.5705074218393646 0.02917039129415606 0.17985112646343318
0 0.17987191158582796 0.702102334603543 0.018041993753484052 0.14697499394987582
0 0.22880431527482004 0.652597238292535 0.012972698672140126 0.0813227228726369
1 0.23229695393669741 0.5814807623948359 0.01934996369925477 0.10323408430895534
0 0.3212963423039872 0.7044046571068376 0.019622674471643363 0.15010908430895534
1 0.4025195921075955 0.8336240036142373 0.019168156517662283 0.07198408430895534
1 0.4736946344584648 0.7128933470965749 0.017751102262936413 0.09697499394987581
1 0.47644238455666077 0.6480314163784155 0.014344301131468206 0.04851931323171641
1 0.5272918122497579 0.6594547297083281 0.016088608313060603 0.07977840359079628
1 0.5409452460911751 0.5890604164766116 0.016270415494652822 0.11102840359079628
1 0.5864663034691592 0.4903547508837628 0.01637949980360833 0.1297784035907963
1 0.589927125874258 0.4137695249860637 0.017842005853732346 0.11259999394987581
1 0.6489379906302262 0.21654454616149846 0.01437157220870695 0.05320681323171659
1 0.6635726623713949 0.18052068775024208 0.01435339149054773 0.050081813231716545
1 0.6695999485739442 0.14220307631392362 0.012745439695149584 0.042260222872636935
0 0.6964078882690939 0.1842360402095701 0.017978361239926598 0.1360374939498758
0 0.7414709242752516 0.275383214975801 0.01791472872636941 0.1250999939498758
1 0.7964851563212707 0.19693550722847458 0.016106789031219825 0.08290340359079615
1 0.8154664395969539 0.10229062773997936 0.01593407220870695 0.0532159035907962
0 0.8431238069852007 0.15603779645608604 0.018051084112563842 0.1485374939498758
1 0.8612743641667929 0.18718325732667043 0.016088608313060603 0.0797784035907962
0 0.8978345537637468 0.2940054290678392 0.021294258780598697 0.16886817466803503