1 0.56328125 0.4076604255517978 0.04375 0.24556703005422928
1 0.49453125 0.571341651351301 0.0453125 0.233076120413309
1 0.3515625 0.7307671692070861 0.021875 0.12043976502711473
1 0.1796875 0.566923358705844 0.0375 0.27990566861791083
1 0.81875 0.059299151842280316 0.021875 0.11731476502711465
1 0.64375 0.15875477205919747 0.0375 0.13459316861791085
0 0.05 0.4614278585094523 0.025 0.19545794574527378
0 0.26953125 0.6585881630587659 0.0265625 0.20796703610435366
0 0.73203125 0.2332411667711991 0.0296875 0.2048602168225127
0 0.89296875 0.27058610978599845 0.03125 0.2298693071815924
1 0.86015625 0.15202700732667046 0.0234375 0.1532613553861943
0 0.125 0.6445852712736306 0.0265625 0.22671703610435348