0 0.08515625 0.5034108254301608 0.0234375 0.17357385538619424
0 0.14296875 0.639793232144215 0.0140625 0.1438318132317164
1 0.20546875 0.5269296177810302 0.0234375 0.10013635538619425
0 0.27734375 0.6569802112633678 0.015625 0.13915340359079612
1 0.33984375 0.7863040969001831 0.0171875 0.0719749939498758
1 0.4171875 0.678822874125742 0.0171875 0.08603749394987581
1 0.35078125 0.7268654643866258 0.01875 0.07354658430895533
1 0.475 0.6355177808397963 0.0171875 0.07822499394987581
1 0.4953125 0.5736808561717612 0.015625 0.10477840359079611
1 0.54921875 0.4850859887835144 0.021875 0.12825226502711473
1 0.559375 0.41237065144949686 0.0203125 0.10480567466803503
1 0.6359375 0.23458147385459557 0.01875 0.05167158430895542
1 0.653125 0.20245022990471978 0.0171875 0.04697499394987581
0 0.684375 0.20929967272312747 0.0140625 0.13133181323171658
0 0.7171875 0.30129627518245544 0.015625 0.12040340359079611
1 0.77890625 0.23453095599881055 0.0171875 0.08134999394987581
0 0.82578125 0.19988324522642203 0.0140625 0.14226931323171654
1 0.840625 0.23026563681516565 0.015625 0.0813409035907962
0 0.86328125 0.3387275766085112 0.015625 0.1657159035907962
1 0.91875 0.35324861886118475 0.0171875 0.06884999394987582