1 0.1729127208295335 0.6283709605759968 0.030578355189802543 0.1532977168225127
0 0.2828093747149173 0.8079226260706497 0.027762427398509537 0.20640453610435366
1 0.4826457482514842 0.8372111920328408 0.025745409444528633 0.12827044574527377
1 0.5556747029737485 0.773571393730043 0.020976096212812222 0.11418067466803486
1 0.5811973986208265 0.6838730894753168 0.022765855189802408 0.15325226502711473
1 0.6491075821676561 0.5600452249157404 0.02134880093507636 0.17824317466803502
1 0.6629660699692119 0.46090374296791714 0.021185174471643364 0.15011817466803504
1 0.7534830274219507 0.21142189343545534 0.017578385440423717 0.0672874939498758
1 0.7771568767580208 0.17093324882164965 0.019113614363184796 0.06260908430895543
0 0.8154017653217022 0.17740596261910024 0.021366981653235938 0.18136817466803504
1 0.8710563468019872 0.2800769655459665 0.021594240630226125 0.22043067466803504
1 0.9354779159856321 0.21873092026823082 0.0194045058537327 0.11260908430895541
0 0.9927682412194013 0.17453146837463687 0.01364538524403187 0.19694772287263693