0 0.0765625 0.5265625 0.01328125 0.1765625
1 0.209375 0.2109375 0.01328125 0.05625
1 0.31796875 0.33359375 0.015625 0.06953125
0 0.38203125 0.471875 0.01171875 0.16328125
0 0.4453125 0.5875 0.01171875 0.25390625
0 0.49453125 0.77421875 0.01953125 0.1671875
1 0.55390625 0.48828125 0.01171875 0.109375
1 0.61640625 0.40546875 0.01015625 0.0546875
1 0.64140625 0.309375 0.0125 0.16640625
0 0.70625 0.43671875 0.01875 0.16953125
0 0.809375 0.63828125 0.0203125 0.1703125
0 0.87578125 0.76875 0.01171875 0.13359375