1 0.1890625 0.63984375 0.02578125 0.146875
0 0.29921875 0.8109375 0.02265625 0.19765625
1 0.49140625 0.834375 0.02265625 0.12265625
1 0.5609375 0.771875 0.0171875 0.10859375
1 0.58359375 0.684375 0.01875 0.146875
1 0.6453125 0.5640625 0.0171875 0.17109375
1 0.65703125 0.46796875 0.01640625 0.14453125
1 0.73828125 0.22578125 0.015625 0.06484375
1 0.76015625 0.18671875 0.0171875 0.06015625
0 0.79765625 0.1921875 0.015625 0.175
1 0.85390625 0.290625 0.01640625 0.2109375
1 0.9140625 0.2296875 0.015625 0.10703125
0 0.97109375 0.1859375 0.0125 0.1890625