0 0.09282993295765443 0.513803945647078 0.021385162371394893 0.18449317466803503
1 0.21560435762568947 0.5348300388348279 0.022547686571891747 0.11575226502711473
0 0.2944838574292977 0.6649720567888089 0.019622674471643363 0.15010908430895534
1 0.3730088332288009 0.7341765747427897 0.017660198672140127 0.08134999394987581
1 0.43913782727687256 0.6869066650036736 0.019340873340175157 0.10167158430895533
1 0.49510602614540444 0.6387964179305398 0.012990879390299349 0.08444772287263688
1 0.5103446858845206 0.572481071521336 0.019368144417413902 0.10635908430895533
1 0.562179375776062 0.48528559855050324 0.016388590162687854 0.13134090359079628
1 0.5687697433607006 0.4095452551663614 0.021003367290050968 0.11886817466803504
1 0.6348982165279251 0.227904890606785 0.019068162567786474 0.05479658430895542
1 0.6518948189872532 0.19519238455666077 0.01593407220870695 0.0532159035907962
0 0.7227618308911099 0.29091395071524356 0.01637040944452863 0.1282159035907962
1 0.779384014732527 0.22093324882164964 0.016115879390299348 0.08446590359079612
1 0.8030755239059092 0.1304491493873837 0.01438975292686635 0.05633181323171654
0 0.8268357316532355 0.18605425477357795 0.016524945548881932 0.1547784035907962
1 0.8426470840143677 0.2181764083643741 0.01300906010845857 0.08757272287263689
0 0.8729390928931624 0.3222553751868869 0.011910168421519174 0.16725113251355736