0 0.03671875 0.465625 0.025 0.1625
0 0.09609375 0.67421875 0.009375 0.18125
1 0.15078125 0.6234375 0.01875 0.090625
1 0.16484375 0.53046875 0.0234375 0.128125
0 0.23984375 0.70390625 0.009375 0.1859375
1 0.30234375 0.8734375 0.01875 0.09375
1 0.315625 0.79921875 0.01875 0.1015625
1 0.38984375 0.734375 0.01875 0.115625
1 0.40234375 0.6578125 0.0171875 0.0640625
1 0.45078125 0.68125 0.01875 0.096875
1 0.47734375 0.5953125 0.025 0.140625
1 0.53671875 0.4796875 0.025 0.159375
1 0.55 0.3859375 0.028125 0.13125
1 0.63671875 0.15390625 0.01875 0.0640625
1 0.65703125 0.1125 0.01875 0.0578125
0 0.690625 0.11875 0.00625 0.171875
0 0.72421875 0.24140625 0.009375 0.15625
0 0.878125 0.290625 0.009375 0.20625