0 0.10507540290342512 0.46953125 0.02499195140261463 0.2671875
0 0.04487318022717991 0.32734375 0.02291130093507643 0.178125
0 0.15293722774441076 0.7734375 0.027635162371394895 0.184375
1 0.17448497481754455 0.7171875 0.023056746680350314 0.203125
1 0.20457140885535346 0.5171875 0.017732921544777104 0.09375
1 0.2646731167008758 0.5078125 0.01437157220870695 0.053125
1 0.27781294525429456 0.34921875 0.024928318889057267 0.25625
0 0.34044930064048884 0.37265625 0.019504499803608334 0.1296875
0 0.4419810261454044 0.6359375 0.02915221057599684 0.1765625
0 0.5036003030763758 0.753125 0.017896548008210188 0.121875
0 0.624521336253863 0.7234375 0.01958631303532492 0.14375
1 0.5425850141433519 0.60546875 0.01777837334017516 0.1015625
1 0.7531957820973327 0.68359375 0.022520415494652824 0.1109375
1 0.85628337889932 0.40859375 0.024073825135573303 0.109375
1 0.9123828670936593 0.2484375 0.02729881908544911 0.1265625