0 0.07734375 0.51328125 0.028125 0.178125
0 0.1390625 0.64921875 0.01875 0.1421875
1 0.14765625 0.65703125 0.0140625 0.128125
1 0.18984375 0.6046875 0.015625 0.06875
1 0.1984375 0.53671875 0.0171875 0.1015625
0 0.27421875 0.66484375 0.0203125 0.14375
1 0.35078125 0.73671875 0.0171875 0.078125
1 0.34140625 0.7953125 0.015625 0.06875
1 0.4171875 0.68359375 0.0125 0.0890625
1 0.47421875 0.640625 0.0125 0.075
1 0.4921875 0.57578125 0.015625 0.10625
1 0.54296875 0.48359375 0.0171875 0.1234375
1 0.55234375 0.4109375 0.015625 0.103125
1 0.6234375 0.22890625 0.0140625 0.0453125
1 0.63984375 0.19609375 0.0125 0.046875
0 0.671875 0.20078125 0.01875 0.134375
0 0.7078125 0.29453125 0.0171875 0.1203125
1 0.715625 0.275 0.0203125 0.159375
1 0.765625 0.225 0.0140625 0.078125
1 0.7921875 0.13515625 0.0140625 0.0515625
0 0.81484375 0.18984375 0.01875 0.146875
1 0.8296875 0.22109375 0.015625 0.078125
1 0.8578125 0.328125 0.0203125 0.1640625