0 0.30625 0.33515625 0.025 0.253125
0 0.72421875 0.61953125 0.028125 0.153125
0 0.81953125 0.396875 0.0265625 0.11875
0 0.87734375 0.2234375 0.0296875 0.0875
0 0.5375 0.55078125 0.028125 0.1515625
0 0.20234375 0.66484375 0.0171875 0.2296875
0 0.234375 0.4734375 0.0203125 0.125
1 0.35703125 0.3546875 0.0203125 0.1703125
1 0.4390625 0.565625 0.0171875 0.1671875
1 0.49765625 0.68203125 0.0171875 0.1703125
1 0.60546875 0.671875 0.0203125 0.159375
1 0.68359375 0.73046875 0.01875 0.065625
1 0.1453125 0.43828125 0.01875 0.2890625
1 0.259375 0.4640625 0.015625 0.15
1 0.09453125 0.296875 0.015625 0.203125