1 0.5015625 0.5046875 0.0171875 0.1984375
1 0.72109375 0.52109375 0.015625 0.19375
1 0.87578125 0.46953125 0.015625 0.128125
1 0.74765625 0.703125 0.015625 0.171875
1 0.80546875 0.5296875 0.0140625 0.1046875
1 0.42578125 0.37109375 0.01875 0.1296875
1 0.2546875 0.3390625 0.0140625 0.071875
1 0.01640625 0.57109375 0.021875 0.1375
1 0.6828125 0.44609375 0.015625 0.1484375
0 0.83671875 0.3953125 0.0171875 0.25625
0 0.78515625 0.54140625 0.0171875 0.10625
0 0.146875 0.43203125 0.0171875 0.090625
0 0.5796875 0.27734375 0.0171875 0.0765625