1 0.05625 0.5625 0.02265625 0.28828125
1 0.44453125 0.6078125 0.0296875 0.31640625
1 0.4890625 0.790625 0.03125 0.2671875
1 0.821875 0.63046875 0.02421875 0.159375
1 0.71640625 0.41953125 0.02109375 0.18828125
1 0.89609375 0.78203125 0.02265625 0.18671875
1 0.378125 0.4890625 0.02109375 0.196875
0 0.10703125 0.50703125 0.02109375 0.128125
0 0.196875 0.20625 0.01953125 0.08359375
0 0.3109375 0.3640625 0.01953125 0.15546875
0 0.55625 0.49765625 0.01953125 0.17734375
0 0.62265625 0.409375 0.028125 0.0921875
0 0.65078125 0.309375 0.0296875 0.18828125
1 0.75703125 0.496875 0.02421875 0.134375