0 0.259375 0.3484375 0.02734375 0.28046875
0 0.72265625 0.66328125 0.03125 0.16953125
0 0.828125 0.4171875 0.0296875 0.13125
0 0.8921875 0.225 0.0328125 0.096875
0 0.515625 0.5875 0.03125 0.16796875
0 0.14453125 0.71328125 0.01875 0.2546875
0 0.1796875 0.5015625 0.02265625 0.13828125
1 0.315625 0.3703125 0.02265625 0.18828125
1 0.40625 0.60390625 0.01875 0.18515625
1 0.47109375 0.7328125 0.01875 0.18828125
1 0.590625 0.72109375 0.02265625 0.1765625
1 0.67734375 0.78671875 0.02109375 0.07265625
1 0.08125 0.4625 0.02109375 0.3203125
1 0.2078125 0.49140625 0.0171875 0.16640625
1 0.025 0.30625 0.0171875 0.225