1 0.0515625 0.6109375 0.02421875 0.30546875
1 0.46171875 0.659375 0.03125 0.33515625
1 0.509375 0.853125 0.0328125 0.2828125
1 0.86171875 0.6828125 0.02578125 0.16875
1 0.75 0.46015625 0.02265625 0.2
1 0.93984375 0.84375 0.02421875 0.19765625
1 0.39140625 0.53359375 0.02265625 0.20859375
0 0.1046875 0.553125 0.02265625 0.13515625
0 0.2 0.234375 0.02109375 0.08828125
0 0.3203125 0.40078125 0.02109375 0.16484375
0 0.58046875 0.5421875 0.02109375 0.1875
0 0.65078125 0.4484375 0.0296875 0.096875
0 0.68046875 0.34296875 0.03125 0.2
1 0.79375 0.54140625 0.02578125 0.1421875