0 0.85703125 0.34765625 0.028125 0.28125
1 0.28671875 0.55625 0.0171875 0.23984375
1 0.72578125 0.4953125 0.015625 0.1484375
1 0.43984375 0.73203125 0.015625 0.13125
1 0.16328125 0.63671875 0.0171875 0.1625
1 0.14921875 0.49765625 0.01015625 0.19921875
1 0.2234375 0.496875 0.0140625 0.15390625
1 0.26328125 0.2890625 0.02421875 0.30625
0 0.78515625 0.61328125 0.0171875 0.12265625
1 0.65390625 0.52890625 0.0125 0.11328125
0 0.575 0.61875 0.02265625 0.090625
0 0.39140625 0.725 0.0171875 0.11328125
1 0.33515625 0.72265625 0.015625 0.12265625
0 0.20625 0.51171875 0.0125 0.103125