0 0.7703125 0.3859375 0.025 0.2515625
1 0.2609375 0.571875 0.015625 0.2140625
1 0.653125 0.51796875 0.0140625 0.1328125
1 0.39765625 0.72890625 0.0140625 0.1171875
1 0.15078125 0.64375 0.015625 0.1453125
1 0.13828125 0.51953125 0.009375 0.178125
1 0.2046875 0.51875 0.0125 0.1375
1 0.23984375 0.33359375 0.021875 0.2734375
0 0.70625 0.6234375 0.015625 0.109375
1 0.5890625 0.54765625 0.0109375 0.1015625
0 0.51875 0.628125 0.0203125 0.08125
0 0.3546875 0.72265625 0.015625 0.1015625
1 0.30390625 0.72109375 0.0140625 0.109375
0 0.1890625 0.53203125 0.0109375 0.0921875