0 0.80546875 0.396875 0.02578125 0.26328125
1 0.27265625 0.59140625 0.01640625 0.22421875
1 0.6828125 0.53515625 0.01484375 0.1390625
1 0.415625 0.75546875 0.01484375 0.12265625
1 0.1578125 0.66640625 0.01640625 0.15234375
1 0.14453125 0.53671875 0.01015625 0.1859375
1 0.2140625 0.5359375 0.01328125 0.14375
1 0.25078125 0.3421875 0.02265625 0.2859375
0 0.73828125 0.6453125 0.01640625 0.1140625
1 0.615625 0.56640625 0.01171875 0.10625
0 0.5421875 0.65 0.02109375 0.08515625
0 0.37109375 0.74921875 0.01640625 0.10625
1 0.31796875 0.74765625 0.01484375 0.1140625
0 0.19765625 0.55 0.01171875 0.09609375