0 0.57265625 0.45625 0.03671875 0.22890625
0 0.5109375 0.61015625 0.0390625 0.21796875
0 0.38046875 0.759375 0.01953125 0.11328125
0 0.2171875 0.609375 0.03046875 0.259375
0 0.80546875 0.12734375 0.01953125 0.1109375
0 0.64375 0.2234375 0.03359375 0.12578125
1 0.09375 0.51171875 0.02109375 0.18203125
1 0.30234375 0.69375 0.02265625 0.19375
1 0.72734375 0.2921875 0.02421875 0.1921875
1 0.87890625 0.32421875 0.02578125 0.21484375
0 0.84609375 0.21484375 0.01953125 0.1421875
1 0.1671875 0.68203125 0.02109375 0.2109375
1 0.03046875 0.3828125 0.02109375 0.13203125