1 0.07734375 0.55625 0.021875 0.275
1 0.446875 0.6 0.028125 0.3015625
1 0.48984375 0.77421875 0.0296875 0.2546875
1 0.80703125 0.62109375 0.0234375 0.1515625
1 0.70625 0.4203125 0.0203125 0.1796875
1 0.87734375 0.765625 0.021875 0.178125
1 0.38359375 0.48671875 0.0203125 0.1875
0 0.12578125 0.50390625 0.0203125 0.121875
0 0.2109375 0.2171875 0.01875 0.0796875
0 0.31953125 0.3671875 0.01875 0.1484375
0 0.55390625 0.49453125 0.01875 0.16875
0 0.6171875 0.41015625 0.0265625 0.0875
0 0.64375 0.31484375 0.028125 0.1796875
1 0.7453125 0.49375 0.0234375 0.128125