0 0.5765625 0.46796875 0.03828125 0.23671875
0 0.51328125 0.62734375 0.03984375 0.225
0 0.378125 0.78203125 0.0203125 0.11640625
0 0.209375 0.6265625 0.03203125 0.26796875
0 0.8171875 0.128125 0.0203125 0.11484375
0 0.65 0.22734375 0.03515625 0.1296875
1 0.08203125 0.52578125 0.021875 0.18828125
1 0.29765625 0.71328125 0.0234375 0.2
1 0.73671875 0.2984375 0.025 0.1984375
1 0.89296875 0.33203125 0.0265625 0.221875
0 0.859375 0.21796875 0.0203125 0.146875
1 0.1578125 0.7015625 0.021875 0.21796875
1 0.01640625 0.3921875 0.021875 0.13671875