0 0.2703125 0.334375 0.0265625 0.2703125
0 0.715625 0.6375 0.0296875 0.16328125
0 0.8171875 0.4 0.028125 0.1265625
0 0.87890625 0.21484375 0.03203125 0.09296875
0 0.51640625 0.5640625 0.0296875 0.16171875
0 0.159375 0.6859375 0.01796875 0.2453125
0 0.19296875 0.48203125 0.021875 0.13359375
1 0.32421875 0.3546875 0.021875 0.18203125
1 0.41171875 0.5796875 0.01796875 0.178125
1 0.47421875 0.70390625 0.01796875 0.18203125
1 0.5890625 0.69296875 0.021875 0.1703125
1 0.67265625 0.75546875 0.0203125 0.0703125
1 0.0984375 0.44453125 0.0203125 0.30859375
1 0.2203125 0.471875 0.01640625 0.16015625
1 0.04453125 0.29296875 0.01640625 0.21640625