1 0.53515625 0.51171875 0.01875 0.21328125
1 0.77109375 0.5296875 0.01640625 0.2078125
1 0.93671875 0.47421875 0.01640625 0.1375
1 0.79921875 0.725 0.01640625 0.184375
1 0.86171875 0.53828125 0.01484375 0.1125
1 0.45390625 0.36796875 0.0203125 0.1390625
1 0.2703125 0.33359375 0.01484375 0.07734375
1 0.0140625 0.5828125 0.0234375 0.14765625
1 0.7296875 0.4484375 0.01640625 0.159375
0 0.8953125 0.39453125 0.01875 0.275
0 0.83984375 0.5515625 0.01875 0.1140625
0 0.1546875 0.43359375 0.01875 0.09765625
0 0.61875 0.26796875 0.01875 0.08203125