1 0.05546875 0.5546875 0.02265625 0.28359375
1 0.43671875 0.6 0.02890625 0.3109375
1 0.48125 0.7796875 0.03046875 0.26328125
1 0.80859375 0.621875 0.02421875 0.15625
1 0.7046875 0.41484375 0.02109375 0.18515625
1 0.88125 0.77109375 0.02265625 0.18359375
1 0.371875 0.4828125 0.02109375 0.19375
0 0.10546875 0.50078125 0.02109375 0.12578125
0 0.19375 0.2046875 0.01953125 0.08203125
0 0.30546875 0.359375 0.01953125 0.153125
0 0.54765625 0.49140625 0.01953125 0.17421875
0 0.61328125 0.40390625 0.02734375 0.090625
0 0.640625 0.30546875 0.02890625 0.18515625
1 0.7453125 0.490625 0.02421875 0.13203125