1 0.4953125 0.4953125 0.01796875 0.2078125
1 0.72578125 0.5125 0.01640625 0.203125
1 0.8875 0.4578125 0.01640625 0.134375
1 0.753125 0.703125 0.01640625 0.18046875
1 0.8140625 0.52109375 0.01484375 0.11015625
1 0.415625 0.3546875 0.01953125 0.1359375
1 0.2359375 0.32109375 0.01484375 0.07578125
1 0.68515625 0.43359375 0.01640625 0.15546875
0 0.846875 0.38046875 0.01796875 0.26875
0 0.79296875 0.53359375 0.01796875 0.11171875
0 0.12265625 0.41875 0.01796875 0.0953125
0 0.57734375 0.25625 0.01796875 0.08046875