1 0.07890625 0.54765625 0.025 0.31171875
1 0.4984375 0.59765625 0.03203125 0.3421875
1 0.546875 0.7953125 0.03359375 0.2890625
1 0.90703125 0.62109375 0.0265625 0.171875
1 0.7921875 0.39375 0.0234375 0.20390625
1 0.98671875 0.78515625 0.025 0.20234375
1 0.4265625 0.46875 0.0234375 0.2125
0 0.13359375 0.48828125 0.0234375 0.13828125
0 0.23046875 0.16328125 0.02109375 0.090625
0 0.35390625 0.33359375 0.02109375 0.16875
0 0.61953125 0.478125 0.02109375 0.19140625
0 0.69140625 0.38203125 0.03046875 0.09921875
0 0.721875 0.27421875 0.03203125 0.20390625
1 0.83671875 0.4765625 0.0265625 0.1453125