0 0.2953125 0.33671875 0.02578125 0.26328125
0 0.7296875 0.63203125 0.02890625 0.159375
0 0.82890625 0.40078125 0.02734375 0.1234375
0 0.8890625 0.22109375 0.03046875 0.090625
0 0.5359375 0.5609375 0.02890625 0.1578125
0 0.1875 0.6796875 0.01796875 0.23828125
0 0.22109375 0.48046875 0.02109375 0.1296875
1 0.3484375 0.35703125 0.02109375 0.1765625
1 0.43359375 0.5765625 0.01796875 0.1734375
1 0.49453125 0.696875 0.01796875 0.1765625
1 0.60625 0.68671875 0.02109375 0.165625
1 0.6875 0.74765625 0.01953125 0.06796875
1 0.128125 0.44375 0.01953125 0.3
1 0.246875 0.47109375 0.01640625 0.15546875
1 0.07578125 0.296875 0.01640625 0.2109375