0.0 0.7676098942756653 0.4013933539390564 0.028611166402697563 0.2412225604057312
1.0 0.23249901831150055 0.5850449204444885 0.018701676279306412 0.20556640625
1.0 0.6451765894889832 0.5288606286048889 0.0163616631180048 0.12716259062290192
1.0 0.37829795479774475 0.7339182496070862 0.016223818063735962 0.1126461774110794
1.0 0.11669961363077164 0.6551042199134827 0.018074193969368935 0.139516681432724
1.0 0.10279975086450577 0.5354650616645813 0.01119200512766838 0.17065879702568054
1.0 0.17298458516597748 0.5340723991394043 0.014814718626439571 0.13222816586494446
1.0 0.20799323916435242 0.3566235899925232 0.025620585307478905 0.262241005897522
0.0 0.7019762396812439 0.6299450993537903 0.017750168219208717 0.1054031252861023
1.0 0.5776535272598267 0.5585375428199768 0.012090789154171944 0.09736601263284683
0.0 0.5050021409988403 0.6361717581748962 0.022273872047662735 0.07786738127470016
0.0 0.3327777087688446 0.7285436391830444 0.01767425797879696 0.09741905331611633
1.0 0.27932247519493103 0.7275996804237366 0.01615486480295658 0.10538797080516815
0.0 0.15635840594768524 0.5472962856292725 0.012008106335997581 0.08865618705749512
