0.0 0.8756754398345947 0.31730684638023376 0.03669464588165283 0.3184928297996521
1.0 0.22801698744297028 0.5721205472946167 0.02581736445426941 0.2653515934944153
1.0 0.7234718799591064 0.48917055130004883 0.0190545916557312 0.1691271960735321
1.0 0.3936842679977417 0.7650582194328308 0.02048933506011963 0.14982640743255615
1.0 0.0922296792268753 0.6636990308761597 0.024736903607845306 0.18067413568496704
1.0 0.08251619338989258 0.5116360783576965 0.018588848412036896 0.2173765003681183
1.0 0.1619131863117218 0.5080064535140991 0.01965153217315674 0.16851294040679932
1.0 0.2098451554775238 0.28324612975120544 0.03484104573726654 0.3284207582473755
0.0 0.7931504249572754 0.62224942445755 0.02166682481765747 0.14220106601715088
1.0 0.6401003003120422 0.5289187431335449 0.014429211616516113 0.12965741753578186
0.0 0.5490675568580627 0.6337792277336121 0.027044057846069336 0.10433375835418701
0.0 0.33967292308807373 0.757868766784668 0.0221235454082489 0.1300099492073059
1.0 0.2766426205635071 0.7570455074310303 0.020892411470413208 0.13892316818237305
0.0 0.1425589919090271 0.5242919921875 0.016510426998138428 0.11331462860107422
