0.0 0.8029942512512207 0.28497761487960815 0.09465790539979935 0.2863845229148865
1.0 0.28594353795051575 0.6264086961746216 0.07407309114933014 0.24205109477043152
1.0 0.7079228758811951 0.46258309483528137 0.05103716254234314 0.15124468505382538
1.0 0.4793560206890106 0.7642967700958252 0.04687859117984772 0.13376381993293762
1.0 0.18256168067455292 0.7353225946426392 0.05599250644445419 0.1660470813512802
1.0 0.13597433269023895 0.6002497673034668 0.0578308142721653 0.20090174674987793
1.0 0.20951741933822632 0.5819516181945801 0.05002263933420181 0.1560225635766983
1.0 0.19928115606307983 0.36675965785980225 0.09664350003004074 0.3098018169403076
0.0 0.7942900061607361 0.565707266330719 0.046409834176301956 0.12576495110988617
1.0 0.6442537903785706 0.5122605562210083 0.03910071402788162 0.11613885313272476
0.0 0.5873047113418579 0.6205682158470154 0.04431705176830292 0.09586888551712036
0.0 0.42984625697135925 0.7688471078872681 0.044420961290597916 0.11740446090698242
1.0 0.37324169278144836 0.7807066440582275 0.044889722019433975 0.12540332973003387
0.0 0.19547180831432343 0.6005508899688721 0.03656937927007675 0.1054982990026474
