0.0 0.8186137676239014 0.5015580654144287 0.10663362592458725 0.23913562297821045
1.0 0.17273271083831787 0.471985787153244 0.08466388285160065 0.20172792673110962
1.0 0.6423653960227966 0.5758103728294373 0.0576106421649456 0.12652629613876343
1.0 0.2824360430240631 0.6686440706253052 0.05292458459734917 0.1127099022269249
1.0 0.027265995740890503 0.49433133006095886 0.054531991481781006 0.13886316120624542
1.0 0.04753655567765236 0.3756025731563568 0.06555065512657166 0.16590039432048798
1.0 0.12468806654214859 0.4009998142719269 0.05750272050499916 0.13076913356781006
1.0 0.22206546366214752 0.24607641994953156 0.10993223637342453 0.25798356533050537
0.0 0.6707466244697571 0.6932771801948547 0.05232968181371689 0.10639461874961853
1.0 0.5586981177330017 0.5782445073127747 0.043633781373500824 0.09672032296657562
0.0 0.4534481465816498 0.6241977214813232 0.048670317977666855 0.08192210644483566
0.0 0.2344890981912613 0.6462196111679077 0.049752235412597656 0.09879552572965622
1.0 0.17639575898647308 0.6249754428863525 0.05058152601122856 0.10580169409513474
0.0 0.10211532562971115 0.40720900893211365 0.04082218185067177 0.08843051642179489
