0.0 0.7474610805511475 0.36665692925453186 0.04542243108153343 0.2609407603740692
1.0 0.2996349632740021 0.5991508364677429 0.03379667177796364 0.22199806571006775
1.0 0.6523236632347107 0.5117268562316895 0.02505078725516796 0.13764095306396484
1.0 0.4387039840221405 0.7496787309646606 0.02368692308664322 0.12204162776470184
1.0 0.20532317459583282 0.682060182094574 0.027590841054916382 0.1510210782289505
1.0 0.1830253303050995 0.5543315410614014 0.024310167878866196 0.1840164214372635
1.0 0.24370752274990082 0.5482398867607117 0.024147512391209602 0.14297997951507568
1.0 0.25882360339164734 0.35515153408050537 0.04463871568441391 0.28331828117370605
0.0 0.7101952433586121 0.6166969537734985 0.024385686963796616 0.1143626868724823
1.0 0.5963721871376038 0.5480560660362244 0.018803026527166367 0.1053604781627655
0.0 0.5400891304016113 0.636285662651062 0.025936249643564224 0.08508609235286713
0.0 0.3988087475299835 0.7468795776367188 0.02363547496497631 0.10578300058841705
1.0 0.3524191975593567 0.7493637204170227 0.023004963994026184 0.11424196511507034
0.0 0.23043780028820038 0.5635467767715454 0.01798473298549652 0.09600090980529785
