0.0 0.8553211688995361 0.38535845279693604 0.04002070426940918 0.35277506709098816
1.0 0.24290502071380615 0.6432495713233948 0.021592482924461365 0.27947163581848145
1.0 0.7068425416946411 0.5703877806663513 0.020180463790893555 0.18011054396629333
1.0 0.40171390771865845 0.847915530204773 0.017088204622268677 0.15066009759902954
1.0 0.1199563592672348 0.7364867925643921 0.021389901638031006 0.18651515245437622
1.0 0.10279782116413116 0.5753982067108154 0.01572001725435257 0.23271667957305908
1.0 0.17792947590351105 0.5743851661682129 0.01702532172203064 0.18016332387924194
1.0 0.2140846997499466 0.32549962401390076 0.030721217393875122 0.370567262172699
0.0 0.7687316536903381 0.7125255465507507 0.021912813186645508 0.1466583013534546
1.0 0.6283544301986694 0.6106775403022766 0.014570415019989014 0.13696181774139404
0.0 0.5433934330940247 0.7182580828666687 0.02484452724456787 0.10744202136993408
0.0 0.3521276116371155 0.8394906520843506 0.01887992024421692 0.13101279735565186
1.0 0.2943062484264374 0.8370216488838196 0.017735779285430908 0.14014625549316406
0.0 0.16036462783813477 0.5917546153068542 0.014558956027030945 0.12061500549316406
