0.0 0.187321275472641 0.5413668751716614 0.026598185300827026 0.3379875421524048
0.0 0.12115610390901566 0.8318673372268677 0.014987394213676453 0.156524658203125
1.0 0.07054347544908524 0.7082968950271606 0.01870405301451683 0.2065303921699524
1.0 0.6374713778495789 0.3074248135089874 0.01853334903717041 0.2582497000694275
0.0 0.699042022228241 0.42853689193725586 0.013677239418029785 0.11937934160232544
0.0 0.7921389937400818 0.2659333348274231 0.015218019485473633 0.17737287282943726
1.0 0.5017870664596558 0.43054279685020447 0.019704312086105347 0.16213113069534302
1.0 0.3896123468875885 0.37402576208114624 0.01102370023727417 0.24965670704841614
1.0 0.2276909351348877 0.4204462766647339 0.011484459042549133 0.09596690535545349
1.0 0.005715377163141966 0.7398532629013062 0.011430754326283932 0.14903730154037476
