0.0 0.19277381896972656 0.5045971870422363 0.03372900187969208 0.3001144528388977
0.0 0.11742621660232544 0.7743778228759766 0.018659673631191254 0.1437562108039856
1.0 0.06943288445472717 0.6659126281738281 0.023329708725214005 0.18773406744003296
1.0 0.6350356340408325 0.26276278495788574 0.017761290073394775 0.21895252168178558
0.0 0.6936510801315308 0.36079055070877075 0.012692868709564209 0.10194230079650879
0.0 0.78050297498703 0.21576257050037384 0.012936234474182129 0.14853069186210632
1.0 0.5044952630996704 0.37879979610443115 0.02033025026321411 0.13969016075134277
1.0 0.3961500823497772 0.3393981158733368 0.014212846755981445 0.21605144441127777
1.0 0.2360408902168274 0.39269644021987915 0.013391301035881042 0.08368778228759766
1.0 0.004486451391130686 0.7013581395149231 0.008972902782261372 0.13640308380126953
