0.0 0.8346782326698303 0.2600777745246887 0.11499369144439697 0.27847519516944885
1.0 0.2709183394908905 0.6541141271591187 0.09069249033927917 0.23463399708271027
1.0 0.7350515127182007 0.44588226079940796 0.061877138912677765 0.14719682931900024
1.0 0.491132527589798 0.7689154744148254 0.05663243681192398 0.13039863109588623
1.0 0.1596248894929886 0.7730245590209961 0.06788959354162216 0.16159816086292267
1.0 0.10300406813621521 0.6448199152946472 0.07127516716718674 0.19429506361484528
1.0 0.18425391614437103 0.6186509728431702 0.06095335632562637 0.15152259171009064
1.0 0.1652970314025879 0.40734896063804626 0.11809074133634567 0.3005354106426239
0.0 0.8348461985588074 0.538163959980011 0.05580409988760948 0.12288916110992432
1.0 0.6658987998962402 0.5019395351409912 0.04741596058011055 0.1130194365978241
0.0 0.6062884330749512 0.6151338815689087 0.0523347333073616 0.09478019177913666
0.0 0.4361616373062134 0.7788642048835754 0.05329577252268791 0.11485517770051956
1.0 0.373547226190567 0.7968102097511292 0.05412410572171211 0.12236464023590088
0.0 0.1692669689655304 0.6385595798492432 0.04422350227832794 0.10279441624879837
