1.0 0.004886717069894075 0.8178793787956238 0.00977343413978815 0.16325025260448456
0.0 0.7538254857063293 0.2897508144378662 0.10441123694181442 0.2815086245536804
1.0 0.304657518863678 0.6390646696090698 0.08303412050008774 0.23776836693286896
1.0 0.6788270473480225 0.4672255218029022 0.05606145039200783 0.14869816601276398
1.0 0.4902365505695343 0.770348846912384 0.05111164227128029 0.13155904412269592
1.0 0.21753564476966858 0.7489953637123108 0.061513327062129974 0.16325025260448456
1.0 0.16610115766525269 0.6169149875640869 0.06570995599031448 0.19724763929843903
1.0 0.2319897562265396 0.5970790982246399 0.05552342161536217 0.15332402288913727
1.0 0.20842407643795013 0.3850976228713989 0.10789048671722412 0.3043704032897949
0.0 0.7644431591033936 0.5668289661407471 0.05010734125971794 0.12375564128160477
1.0 0.624021589756012 0.5177686214447021 0.04296969622373581 0.11418095976114273
0.0 0.5792234539985657 0.6259715557098389 0.0460541695356369 0.09458084404468536
0.0 0.4453662931919098 0.7760413289070129 0.047740042209625244 0.11555860191583633
1.0 0.39450618624687195 0.7891149520874023 0.04874434322118759 0.12336201220750809
0.0 0.22040461003780365 0.6157642006874084 0.03995674103498459 0.10374842584133148
0.0 0.9864249229431152 0.21141980588436127 0.027150101959705353 0.2815086245536804
