1.0 0.033135123550891876 0.759001612663269 0.03045204095542431 0.1142975464463234
0.0 0.23472459614276886 0.5598148107528687 0.06496105343103409 0.2532525360584259
0.0 0.20850548148155212 0.7927561402320862 0.032849881798028946 0.12002317607402802
1.0 0.146609365940094 0.7107856869697571 0.04192792624235153 0.1575016975402832
1.0 0.607016921043396 0.29596132040023804 0.04366845637559891 0.18577620387077332
0.0 0.6760157346725464 0.3697285056114197 0.024447981268167496 0.08665431290864944
0.0 0.7347372770309448 0.23625633120536804 0.030984187498688698 0.1263801008462906
1.0 0.5038384795188904 0.4114232659339905 0.03561707213521004 0.1191457211971283
1.0 0.39720386266708374 0.3937947452068329 0.038728754967451096 0.182297945022583
1.0 0.25691840052604675 0.46119487285614014 0.02196878381073475 0.07158589363098145
1.0 0.088498055934906 0.7498925924301147 0.03045204095542431 0.1142975464463234
