0.0 0.763363778591156 0.35601332783699036 0.08399070054292679 0.2574314773082733
1.0 0.28108179569244385 0.6640026569366455 0.06602829694747925 0.21814823150634766
1.0 0.6728683114051819 0.5158259272575378 0.045525532215833664 0.13598449528217316
1.0 0.458696573972702 0.7880696058273315 0.04201795160770416 0.12083596736192703
1.0 0.18375764787197113 0.7623515725135803 0.050068508833646774 0.14922229945659637
1.0 0.14232805371284485 0.6402684450149536 0.050583455711603165 0.18016470968723297
1.0 0.21085622906684875 0.6236027479171753 0.04519180953502655 0.14092493057250977
1.0 0.20397621393203735 0.43047481775283813 0.08595386892557144 0.2786737382411957
0.0 0.7520723342895508 0.6092113852500916 0.041825611144304276 0.1136232540011406
1.0 0.6135222315788269 0.5614889860153198 0.03443124517798424 0.10402605682611465
0.0 0.560286283493042 0.6584076881408691 0.03984534740447998 0.0859256386756897
0.0 0.4127923548221588 0.7923144698143005 0.03989633545279503 0.10529149323701859
1.0 0.36013320088386536 0.8029115796089172 0.040264129638671875 0.11326169222593307
0.0 0.19761793315410614 0.6410326957702637 0.032326728105545044 0.09493696689605713
