0.0 0.20937499403953552 0.49609375 0.025000005960464478 0.28437498211860657
0.0 0.14374999701976776 0.75 0.014062494039535522 0.1343749761581421
1.0 0.09453125298023224 0.647656261920929 0.017187505960464478 0.17656254768371582
1.0 0.632031261920929 0.2710937559604645 0.01406252384185791 0.20937497913837433
0.0 0.6898437738418579 0.3656249940395355 0.01093745231628418 0.09687501192092896
0.0 0.7718750238418579 0.22812500596046448 0.01093745231628418 0.14218752086162567
1.0 0.5078125 0.3804687559604645 0.01718747615814209 0.1328125
1.0 0.40234375 0.3414062559604645 0.00937497615814209 0.20625001192092896
1.0 0.24843749403953552 0.390625 0.010937511920928955 0.07968747615814209
1.0 0.02890625037252903 0.680468738079071 0.01249999925494194 0.12812495231628418
