0.0 0.9931442737579346 0.4314097762107849 0.01371145248413086 0.349509596824646
1.0 0.3020473122596741 0.6269679069519043 0.044000983238220215 0.2855380177497864
1.0 0.8465226888656616 0.5992799997329712 0.048017919063568115 0.17574864625930786
1.0 0.46902886033058167 0.8423287272453308 0.034634292125701904 0.1447981595993042
1.0 0.1422814130783081 0.7116867303848267 0.03184874355792999 0.19055122137069702
1.0 0.1333981603384018 0.5435327887535095 0.025894969701766968 0.24575820565223694
1.0 0.2280144840478897 0.551071286201477 0.02965676784515381 0.18876999616622925
1.0 0.29727494716644287 0.2875344157218933 0.06169399619102478 0.40700554847717285
0.0 0.8928349018096924 0.7399800419807434 0.04467499256134033 0.13838636875152588
1.0 0.7541775703430176 0.6315454840660095 0.03476309776306152 0.13398098945617676
0.0 0.6451408863067627 0.7284970283508301 0.041312992572784424 0.10511660575866699
0.0 0.41248026490211487 0.831157386302948 0.0334431529045105 0.12720680236816406
1.0 0.34487780928611755 0.8248506188392639 0.031177520751953125 0.13700377941131592
0.0 0.20447026193141937 0.5677803754806519 0.023216992616653442 0.1265125274658203
