0.0 0.8893661499023438 0.369608610868454 0.05303925275802612 0.35065239667892456
1.0 0.22427725791931152 0.6005768775939941 0.025172874331474304 0.30294254422187805
1.0 0.7402255535125732 0.5468354225158691 0.026530086994171143 0.19074657559394836
1.0 0.4024181365966797 0.8362762928009033 0.01963081955909729 0.17596906423568726
1.0 0.08087082952260971 0.6938091516494751 0.02658499777317047 0.20917153358459473
1.0 0.07088937610387802 0.5190197229385376 0.020053967833518982 0.24612557888031006
1.0 0.15442556142807007 0.521228551864624 0.020121172070503235 0.19073760509490967
1.0 0.2032334804534912 0.27580392360687256 0.03402596712112427 0.3603726029396057
0.0 0.8184151649475098 0.7035814523696899 0.029067397117614746 0.1635403037071228
1.0 0.6551399827003479 0.5845692753791809 0.018878579139709473 0.14707255363464355
0.0 0.5633760690689087 0.6966007351875305 0.029821336269378662 0.12060582637786865
0.0 0.3446936011314392 0.8233503699302673 0.021509379148483276 0.15275418758392334
1.0 0.27759265899658203 0.8172788619995117 0.020696699619293213 0.16307920217514038
0.0 0.13413545489311218 0.5377607345581055 0.01716671884059906 0.12859880924224854
