0.0 0.22172687947750092 0.4160820245742798 0.10246945917606354 0.2802387773990631
0.0 0.0886126309633255 0.6420369744300842 0.0505816750228405 0.13304093480110168
1.0 0.06953278928995132 0.5300874710083008 0.06522207707166672 0.17445386946201324
1.0 0.6900486350059509 0.31639212369918823 0.07126899063587189 0.2051314264535904
0.0 0.7195437550544739 0.42320260405540466 0.03723423182964325 0.096133753657341
0.0 0.8363193869590759 0.3136634826660156 0.04973280429840088 0.1396884173154831
1.0 0.5404797792434692 0.3872607350349426 0.05315444990992546 0.13240103423595428
1.0 0.44987720251083374 0.32062211632728577 0.06590133160352707 0.2008347064256668
1.0 0.2883654832839966 0.3254794478416443 0.03249344229698181 0.07961300015449524
1.0 0.010540432296693325 0.5435256361961365 0.02108086459338665 0.1266023963689804
