0.0 0.7839223742485046 0.4339371919631958 0.05994437634944916 0.260503351688385
1.0 0.2373010218143463 0.5547141432762146 0.04557638615369797 0.22131702303886414
1.0 0.6458737254142761 0.5526185631752014 0.03284028545022011 0.1374797821044922
1.0 0.3560163676738739 0.7337541580200195 0.030768614262342453 0.12199274450540543
1.0 0.11440485715866089 0.6131539940834045 0.0361500009894371 0.15085092186927795
1.0 0.11910700052976608 0.48372846841812134 0.03363506495952606 0.18321581184864044
1.0 0.18735359609127045 0.4920697510242462 0.03201673552393913 0.14269305765628815
1.0 0.248248890042305 0.307892769575119 0.05985095724463463 0.28254514932632446
0.0 0.6855762600898743 0.6682789325714111 0.0312814898788929 0.11445640027523041
1.0 0.5759103298187256 0.5747877955436707 0.024721471592783928 0.10521335899829865
0.0 0.4936896860599518 0.6473392248153687 0.03199123963713646 0.08565250039100647
0.0 0.31270697712898254 0.7216549515724182 0.03014197200536728 0.10593847185373306
1.0 0.2610325515270233 0.7131659388542175 0.029732748866081238 0.11424922198057175
0.0 0.16922762989997864 0.5038326978683472 0.023478494957089424 0.09592116624116898
