0.0 0.8643218874931335 0.42713209986686707 0.08163727819919586 0.28788116574287415
1.0 0.2530093193054199 0.5281944870948792 0.06293324381113052 0.2436302900314331
1.0 0.7051206827163696 0.5505713820457458 0.04418453946709633 0.15197962522506714
1.0 0.3734331429004669 0.7329372763633728 0.04085756838321686 0.13432160019874573
1.0 0.11421468108892441 0.5855189561843872 0.04846831038594246 0.166856050491333
1.0 0.12672144174575806 0.4431861340999603 0.04850178584456444 0.20240584015846252
1.0 0.2013370841741562 0.45644935965538025 0.04289381206035614 0.15691989660263062
1.0 0.27969181537628174 0.2557682991027832 0.08242735266685486 0.3117256760597229
0.0 0.741960883140564 0.6799416542053223 0.040801938623189926 0.1261657029390335
1.0 0.6267330050468445 0.5699872970581055 0.03383662551641464 0.11670797318220139
0.0 0.5305869579315186 0.6456820368766785 0.04024549201130867 0.09570075571537018
0.0 0.32636722922325134 0.716914713382721 0.03921079263091087 0.11772048473358154
1.0 0.2698436379432678 0.7046751379966736 0.03926641866564751 0.12587639689445496
0.0 0.18093068897724152 0.4677095413208008 0.03181148320436478 0.10595959424972534
