1.0 0.01513810083270073 0.8328267931938171 0.03027620166540146 0.1672648936510086
1.0 0.002072651172056794 0.6894652843475342 0.004145302344113588 0.20216916501522064
0.0 0.6994965672492981 0.32651931047439575 0.10054045915603638 0.2886110842227936
1.0 0.30496832728385925 0.6613472104072571 0.08090715855360031 0.24468493461608887
1.0 0.6363237500190735 0.5034661889076233 0.05407528579235077 0.1524287611246109
1.0 0.4755376875400543 0.803693413734436 0.04935555160045624 0.13541339337825775
1.0 0.22920465469360352 0.7694045305252075 0.05943210422992706 0.1672648936510086
1.0 0.17950667440891266 0.6320122480392456 0.06352730840444565 0.20216916501522064
1.0 0.23844927549362183 0.6147463321685791 0.05438228324055672 0.1580110639333725
1.0 0.21180212497711182 0.3985779881477356 0.1046941950917244 0.31253716349601746
0.0 0.7164360880851746 0.6095163822174072 0.048340655863285065 0.12727878987789154
1.0 0.5886021852493286 0.5533525347709656 0.041037291288375854 0.11661449819803238
0.0 0.551748514175415 0.6606954336166382 0.04340789467096329 0.09606873244047165
0.0 0.4353182017803192 0.8075198531150818 0.04574470967054367 0.11792025715112686
1.0 0.38978978991508484 0.8183161616325378 0.04699565842747688 0.12690570950508118
0.0 0.22857491672039032 0.6339773535728455 0.038205478340387344 0.10640531033277512
