0.0 0.2072991132736206 0.5606484413146973 0.030942261219024658 0.31987065076828003
0.0 0.1422215849161148 0.8437961339950562 0.017364829778671265 0.14627128839492798
1.0 0.08803658932447433 0.7328860759735107 0.02230878174304962 0.19500994682312012
1.0 0.6583783626556396 0.29771631956100464 0.01841050386428833 0.24079367518424988
0.0 0.7179117798805237 0.4052281379699707 0.013521790504455566 0.10992562770843506
0.0 0.8080457448959351 0.24652208387851715 0.015431702136993408 0.16405543684959412
1.0 0.5249015092849731 0.42529618740081787 0.01920086145401001 0.15098151564598083
1.0 0.4124571979045868 0.38227027654647827 0.010192930698394775 0.2359010875225067
1.0 0.24781721830368042 0.44201207160949707 0.01271750032901764 0.09093764424324036
1.0 0.01924065500497818 0.7709283828735352 0.01682593673467636 0.14105957746505737
