0.0 0.8623740673065186 0.3105437755584717 0.03385365009307861 0.33403557538986206
1.0 0.23492348194122314 0.5815808773040771 0.024595439434051514 0.2727198004722595
1.0 0.7122308015823364 0.4918002486228943 0.01960355043411255 0.17561253905296326
1.0 0.3929486870765686 0.7781574726104736 0.020076364278793335 0.15293651819229126
1.0 0.10562298446893692 0.6766350865364075 0.02292446792125702 0.18462812900543213
1.0 0.0958511084318161 0.5208501815795898 0.0169646218419075 0.2236230969429016
1.0 0.17164909839630127 0.5165067315101624 0.018483087420463562 0.1736043393611908
1.0 0.21737438440322876 0.28290069103240967 0.03327532112598419 0.3421611189842224
0.0 0.7782076597213745 0.6289266347885132 0.021099567413330078 0.14688152074813843
1.0 0.6312052011489868 0.5338181853294373 0.01509946584701538 0.13423633575439453
0.0 0.5425992012023926 0.6427406072616577 0.026729345321655273 0.10747438669204712
0.0 0.3413858413696289 0.7711811065673828 0.02139332890510559 0.13269156217575073
1.0 0.28127291798591614 0.7707067131996155 0.020014643669128418 0.14166724681854248
0.0 0.1531824916601181 0.5335307717323303 0.015517443418502808 0.11664879322052002
