0.0 0.006454752292484045 0.893804669380188 0.01290950458496809 0.12287944555282593
1.0 0.017952285706996918 0.7904564738273621 0.035904571413993835 0.16113100945949554
1.0 0.07100912928581238 0.8029592037200928 0.0440744124352932 0.11693385988473892
0.0 0.2299657166004181 0.5788559913635254 0.09544266760349274 0.25884076952934265
0.0 0.23886574804782867 0.8209389448165894 0.047051139175891876 0.12287944555282593
1.0 0.16961416602134705 0.7425393462181091 0.06070365384221077 0.16113100945949554
1.0 0.5383806228637695 0.2719515562057495 0.06650134921073914 0.18947409093379974
0.0 0.6130634546279907 0.3412361741065979 0.03461426496505737 0.08879013359546661
0.0 0.6485884785652161 0.1983555406332016 0.046365417540073395 0.12902440130710602
1.0 0.45895302295684814 0.4005514681339264 0.04935767874121666 0.12228409200906754
1.0 0.35730084776878357 0.39259740710258484 0.06162324920296669 0.18551130592823029
1.0 0.23651090264320374 0.47530704736709595 0.030156975612044334 0.07352884113788605
1.0 0.12117667496204376 0.7883068323135376 0.0440744124352932 0.11693385988473892
