0.0 0.22364434599876404 0.4099682867527008 0.10831800103187561 0.2789713144302368
0.0 0.08558159321546555 0.6329339742660522 0.05333106964826584 0.13248953223228455
1.0 0.06897415220737457 0.520591139793396 0.0688427984714508 0.17370210587978363
1.0 0.6940497756004333 0.32062608003616333 0.07560249418020248 0.20410647988319397
0.0 0.7211833000183105 0.4280607998371124 0.03921130672097206 0.09575311094522476
0.0 0.8403452038764954 0.3211224377155304 0.05266694352030754 0.13902167975902557
1.0 0.5429551005363464 0.3881804645061493 0.05585111305117607 0.13192550837993622
1.0 0.45384350419044495 0.31956082582473755 0.0701984241604805 0.1997305005788803
1.0 0.2922639846801758 0.3208566904067993 0.03410749137401581 0.07934088259935379
1.0 0.010778577998280525 0.5324360728263855 0.02155715599656105 0.1260574460029602
