0.0 0.8552966713905334 0.3913518786430359 0.053739506751298904 0.2889237701892853
1.0 0.2570243179798126 0.5525561571121216 0.03911551088094711 0.24516819417476654
1.0 0.7091255187988281 0.5299745798110962 0.02949335239827633 0.15241436660289764
1.0 0.39716407656669617 0.7443434596061707 0.027934405952692032 0.13451343774795532
1.0 0.12460065633058548 0.6233658790588379 0.03233769163489342 0.16733774542808533
1.0 0.1229267567396164 0.4804944396018982 0.028586294502019882 0.20408634841442108
1.0 0.19849005341529846 0.4862906038761139 0.027632834389805794 0.15765920281410217
1.0 0.2565513849258423 0.2788267731666565 0.05201689526438713 0.3134906589984894
0.0 0.758617103099823 0.6550523638725281 0.028745489194989204 0.12608759105205536
1.0 0.6330504417419434 0.5570705533027649 0.022551825270056725 0.11705178767442703
0.0 0.5448873043060303 0.6419293284416199 0.0314146988093853 0.09465151280164719
0.0 0.34874090552330017 0.7330687046051025 0.02799992822110653 0.11752620339393616
1.0 0.29128193855285645 0.7264964580535889 0.027188844978809357 0.12595203518867493
0.0 0.17930127680301666 0.4995194971561432 0.021602876484394073 0.10615553706884384
