0.0 0.7653907537460327 0.3794017434120178 0.04255576804280281 0.26050126552581787
1.0 0.2531869411468506 0.6052981615066528 0.030716730281710625 0.22169238328933716
1.0 0.6533721089363098 0.5229096412658691 0.023683035746216774 0.1373937726020813
1.0 0.40478789806365967 0.7575013637542725 0.022669311612844467 0.12180168926715851
1.0 0.14418022334575653 0.6867611408233643 0.026104001328349113 0.1507483869791031
1.0 0.1233428493142128 0.5589375495910645 0.02126721478998661 0.18381518125534058
1.0 0.19189730286598206 0.5536972880363464 0.022478705272078514 0.1427495926618576
1.0 0.2153909057378769 0.36114224791526794 0.040907327085733414 0.28290697932243347
0.0 0.7150408625602722 0.6285059452056885 0.023721663281321526 0.11410703510046005
1.0 0.5891333222389221 0.5584023594856262 0.01770675741136074 0.10517651587724686
0.0 0.5227828025817871 0.6457038521766663 0.026473022997379303 0.08478619903326035
0.0 0.3599449396133423 0.754153847694397 0.023164018988609314 0.10553134232759476
1.0 0.30761009454727173 0.7559908032417297 0.02216241881251335 0.11400565505027771
0.0 0.17643803358078003 0.5687946081161499 0.017098547890782356 0.09582129865884781
