0.0 0.7881140112876892 0.2654142677783966 0.11250176280736923 0.2832178473472595
1.0 0.2947700619697571 0.6402853727340698 0.0893654152750969 0.23893539607524872
1.0 0.7049939036369324 0.4489171802997589 0.06042362377047539 0.14964981377124786
1.0 0.49687641859054565 0.765083372592926 0.05511832609772682 0.1324821561574936
1.0 0.19881577789783478 0.7557965517044067 0.06629903614521027 0.16429318487644196
1.0 0.1433994174003601 0.6240996718406677 0.07065308839082718 0.19804546236991882
1.0 0.21557170152664185 0.6009788513183594 0.059798963367938995 0.1541827917098999
1.0 0.1911294013261795 0.38693463802337646 0.11615090072154999 0.3059500455856323
0.0 0.7979905605316162 0.5461050868034363 0.054073892533779144 0.12473279982805252
1.0 0.6447487473487854 0.5026957392692566 0.04631165787577629 0.11490750312805176
0.0 0.595085620880127 0.6145318150520325 0.04984160512685776 0.09574408829212189
0.0 0.44777584075927734 0.7728973627090454 0.05153657868504524 0.11652211099863052
1.0 0.39207929372787476 0.7884735465049744 0.05258101224899292 0.124271459877491
0.0 0.20278659462928772 0.6204661726951599 0.04308231547474861 0.10445759445428848
