0.0 0.8100977540016174 0.2912156879901886 0.08675354719161987 0.28172799944877625
1.0 0.28133541345596313 0.6160378456115723 0.06728573143482208 0.2382459193468094
1.0 0.7094339728355408 0.4635976254940033 0.046881552785634995 0.14876244962215424
1.0 0.47117406129837036 0.7551201581954956 0.04323457553982735 0.13153019547462463
1.0 0.17439453303813934 0.720862865447998 0.051429469138383865 0.1633227914571762
1.0 0.1317186802625656 0.587427020072937 0.05213170871138573 0.19782376289367676
1.0 0.20602114498615265 0.5709193348884583 0.04568852484226227 0.15351971983909607
1.0 0.20220036804676056 0.35959234833717346 0.08798936009407043 0.30489110946655273
0.0 0.7929607629776001 0.5664699673652649 0.04302569478750229 0.12361352890729904
1.0 0.6440940499305725 0.5110856294631958 0.0359080545604229 0.11423476785421371
0.0 0.5837376117706299 0.6162281036376953 0.041898082941770554 0.09403220564126968
0.0 0.4213857054710388 0.7586119174957275 0.04128149896860123 0.115371935069561
1.0 0.36426329612731934 0.7691353559494019 0.041490379720926285 0.1232886016368866
0.0 0.19137811660766602 0.5888912677764893 0.033688124269247055 0.10374553501605988
