0.0 0.7907580137252808 0.4677371084690094 0.03143584728240967 0.3365897536277771
1.0 0.24474826455116272 0.6622194647789001 0.021130725741386414 0.2834099531173706
1.0 0.6656018495559692 0.6306552886962891 0.017893612384796143 0.17699575424194336
1.0 0.3944048285484314 0.8828130960464478 0.017618626356124878 0.15599393844604492
1.0 0.12833839654922485 0.7452898025512695 0.019801296293735504 0.1923290491104126
1.0 0.11296379566192627 0.5800827145576477 0.013216577470302582 0.23453164100646973
1.0 0.18390987813472748 0.5858563780784607 0.016430646181106567 0.182437926530838
1.0 0.2174634337425232 0.34612393379211426 0.02879185974597931 0.36227646470069885
0.0 0.7248848676681519 0.7765929698944092 0.0191306471824646 0.14708751440048218
1.0 0.5965089797973633 0.6641101837158203 0.013255774974822998 0.13530147075653076
0.0 0.5227841734886169 0.7629179358482361 0.023493289947509766 0.10909819602966309
0.0 0.3480411171913147 0.8702452182769775 0.018942028284072876 0.1351335644721985
1.0 0.2937360107898712 0.8628532886505127 0.017477452754974365 0.14579987525939941
0.0 0.16723069548606873 0.6021652817726135 0.01311635971069336 0.12244713306427002
