0.0 0.8515584468841553 0.4045366644859314 0.02844250202178955 0.28222930431365967
1.0 0.271852046251297 0.6049315929412842 0.02147585153579712 0.2523438334465027
1.0 0.7237483263015747 0.5498262047767639 0.01579427719116211 0.1497000753879547
1.0 0.4354272484779358 0.7880814075469971 0.01711222529411316 0.13440293073654175
1.0 0.1379278004169464 0.6893713474273682 0.02180705964565277 0.1729278564453125
1.0 0.12025956809520721 0.540657639503479 0.014805354177951813 0.21407157182693481
1.0 0.20258331298828125 0.541326642036438 0.01735098659992218 0.1639500856399536
1.0 0.24312824010849 0.320631742477417 0.03040580451488495 0.3291010856628418
0.0 0.7812725305557251 0.6684532165527344 0.017366886138916016 0.12157702445983887
1.0 0.6527998447418213 0.5822683572769165 0.012234032154083252 0.11512666940689087
0.0 0.5738587975502014 0.6727957725524902 0.023154616355895996 0.09240984916687012
0.0 0.3851625919342041 0.7813171148300171 0.019194215536117554 0.11717629432678223
1.0 0.32509082555770874 0.7799290418624878 0.017854303121566772 0.12698513269424438
0.0 0.18354740738868713 0.5569452047348022 0.014884337782859802 0.11008161306381226
