0.0 0.7564907670021057 0.3933184742927551 0.02662321925163269 0.24514645338058472
1.0 0.23769693076610565 0.5722705721855164 0.01720760576426983 0.2089376598596573
1.0 0.6365718245506287 0.5211336612701416 0.0152686582878232 0.12922494113445282
1.0 0.37621256709098816 0.7257372140884399 0.01519466657191515 0.11446475982666016
1.0 0.124996118247509 0.6418178081512451 0.01687067188322544 0.14177879691123962
1.0 0.1132948026061058 0.5199845433235168 0.010104261338710785 0.17347845435142517
1.0 0.1810157597064972 0.5195862650871277 0.013755599968135357 0.13438326120376587
1.0 0.21731680631637573 0.33968961238861084 0.023652521893382072 0.266533225774765
0.0 0.6899194717407227 0.6247251629829407 0.016696706414222717 0.10709238797426224
1.0 0.5710150599479675 0.550325870513916 0.011269285343587399 0.09894721955060959
0.0 0.49982723593711853 0.6281996965408325 0.0211730245500803 0.07907118648290634
0.0 0.33237987756729126 0.7196130752563477 0.016655920073390007 0.09897424280643463
1.0 0.2808298170566559 0.7178784012794495 0.015157641842961311 0.10708466917276382
0.0 0.16478930413722992 0.5327892899513245 0.011224914342164993 0.09009113162755966
