1.0 0.004853828344494104 0.6120216846466064 0.009707656688988209 0.16525664925575256
1.0 0.055446427315473557 0.6435860991477966 0.012391750700771809 0.11992105096578598
0.0 0.25711047649383545 0.4745180904865265 0.025213899090886116 0.2661288380622864
0.0 0.19846180081367493 0.7109315395355225 0.013791275210678577 0.12578390538692474
1.0 0.15895554423332214 0.6146048903465271 0.017044642940163612 0.16525664925575256
1.0 0.613254725933075 0.2699996531009674 0.01493900641798973 0.195881649851799
0.0 0.6600519418716431 0.35914188623428345 0.010609615594148636 0.09069236367940903
0.0 0.7306100726127625 0.23175017535686493 0.01130302157253027 0.1330430954694748
1.0 0.5079220533370972 0.37052831053733826 0.016375122591853142 0.12436625361442566
1.0 0.4205075204372406 0.33257806301116943 0.01097948756068945 0.19289688766002655
1.0 0.2913215756416321 0.37647688388824463 0.010346649214625359 0.07462827116250992
1.0 0.10369020700454712 0.6443759799003601 0.012391750700771809 0.11992105096578598
