0.0 0.7858510613441467 0.44285646080970764 0.06785488873720169 0.2600990831851959
1.0 0.23571716248989105 0.546464741230011 0.05234520509839058 0.2207999974489212
1.0 0.6441552639007568 0.5571587085723877 0.03700416907668114 0.13730552792549133
1.0 0.34877029061317444 0.729132890701294 0.034448761492967606 0.12189092487096786
1.0 0.1110520213842392 0.6010292172431946 0.04071781784296036 0.15066348016262054
1.0 0.11980293691158295 0.4718143045902252 0.039275508373975754 0.1826549470424652
1.0 0.18775500357151031 0.4822876453399658 0.03635717183351517 0.14244507253170013
1.0 0.2543852925300598 0.300106942653656 0.06847737729549408 0.28193914890289307
0.0 0.6802181005477905 0.6740050911903381 0.034712523221969604 0.11443917453289032
1.0 0.573532223701477 0.5771271586418152 0.027911800891160965 0.10506666451692581
0.0 0.4890809953212738 0.64706951379776 0.03448144719004631 0.08591801673173904
0.0 0.30586084723472595 0.7156839966773987 0.033306948840618134 0.10596108436584473
1.0 0.25447744131088257 0.7055816650390625 0.03317102789878845 0.11418361961841583
0.0 0.16926974058151245 0.4934775233268738 0.026378585025668144 0.095817930996418
