0.0 0.7711101174354553 0.39287620782852173 0.029593104496598244 0.2597261369228363
1.0 0.24821223318576813 0.5927755832672119 0.019656097516417503 0.22131115198135376
1.0 0.6520286798477173 0.5305799245834351 0.016852814704179764 0.13692227005958557
1.0 0.3919815719127655 0.7523971796035767 0.016623077914118767 0.12129896134138107
1.0 0.13525357842445374 0.6686637997627258 0.01861051470041275 0.15022504329681396
1.0 0.12085911631584167 0.5399553179740906 0.01207409892231226 0.18371176719665527
1.0 0.1895902007818222 0.5381630659103394 0.01537096593528986 0.142367422580719
1.0 0.22272028028964996 0.3470301628112793 0.026801634579896927 0.28233394026756287
0.0 0.708318829536438 0.6391387581825256 0.01807054691016674 0.11351028829813004
1.0 0.5860891938209534 0.5628031492233276 0.012475904077291489 0.10483698546886444
0.0 0.5154398679733276 0.6466637849807739 0.022320855408906937 0.08389490842819214
0.0 0.3473632037639618 0.746802806854248 0.0179440975189209 0.10491741448640823
1.0 0.29500213265419006 0.7460102438926697 0.016508178785443306 0.11348730325698853
0.0 0.17339253425598145 0.5524653196334839 0.012338086031377316 0.09546302258968353
