0.0 0.8330009579658508 0.4230853319168091 0.11802888661623001 0.3370155692100525
1.0 0.2625780403614044 0.5254443287849426 0.09468595683574677 0.28503718972206116
1.0 0.6690332889556885 0.5636600255966187 0.0632280707359314 0.17794977128505707
1.0 0.3392896056175232 0.768787145614624 0.057408202439546585 0.15732571482658386
1.0 0.12761040031909943 0.5890092849731445 0.06938229501247406 0.19536709785461426
1.0 0.16154389083385468 0.4223898947238922 0.07546848058700562 0.23669882118701935
1.0 0.2271055430173874 0.43992236256599426 0.06297943741083145 0.1836567372083664
1.0 0.3300158977508545 0.20660600066184998 0.12275964766740799 0.36476004123687744
0.0 0.6819085478782654 0.716381311416626 0.055971384048461914 0.1478419452905655
1.0 0.5948639512062073 0.5843589901924133 0.048475008457899094 0.1366482824087143
0.0 0.49565738439559937 0.6706005930900574 0.05030985176563263 0.11240708827972412
0.0 0.2991500198841095 0.7487473487854004 0.05318797007203102 0.1379781812429428
1.0 0.24983306229114532 0.7328945398330688 0.054624784737825394 0.14746195077896118
0.0 0.2068123072385788 0.45258986949920654 0.04493245482444763 0.12409447133541107
