0.0 0.19996629655361176 0.5202024579048157 0.0313287079334259 0.30076274275779724
0.0 0.12673071026802063 0.7883810997009277 0.01699952781200409 0.14122933149337769
1.0 0.07706142961978912 0.6810685396194458 0.020885951817035675 0.18566501140594482
1.0 0.6542178988456726 0.27465447783470154 0.019675135612487793 0.22483980655670166
0.0 0.7145175933837891 0.37518858909606934 0.013953983783721924 0.10408815741539001
0.0 0.8064664602279663 0.22591634094715118 0.015136897563934326 0.15342101454734802
1.0 0.518574595451355 0.39375633001327515 0.02109283208847046 0.14198517799377441
1.0 0.40687423944473267 0.3536631464958191 0.013992756605148315 0.21975640952587128
1.0 0.2429630160331726 0.4083145260810852 0.012976199388504028 0.08458477258682251
1.0 0.008169871754944324 0.7159626483917236 0.015062754973769188 0.13441330194473267
