1.0 0.010553145781159401 0.7346931099891663 0.021106291562318802 0.14807438850402832
1.0 0.005984873045235872 0.6083457469940186 0.011969746090471745 0.17993010580539703
0.0 0.7698767781257629 0.3429521918296814 0.0654640719294548 0.2555359899997711
1.0 0.31966689229011536 0.6083910465240479 0.05021212622523308 0.2164408564567566
1.0 0.6812921762466431 0.4931429922580719 0.03547583147883415 0.13487136363983154
1.0 0.4746522903442383 0.7436128258705139 0.03287713974714279 0.11914712190628052
1.0 0.227595254778862 0.6973525285720825 0.03891362249851227 0.14807438850402832
1.0 0.19541195034980774 0.5748459100723267 0.038526859134435654 0.17993010580539703
1.0 0.25791820883750916 0.5638135671615601 0.03433000668883324 0.1393369734287262
1.0 0.2602228820323944 0.3730994164943695 0.06585180759429932 0.27687984704971313
0.0 0.7483998537063599 0.5902124643325806 0.032925449311733246 0.1118401512503624
1.0 0.6254679560661316 0.5325692296028137 0.02716371975839138 0.1035730168223381
0.0 0.5723075270652771 0.6242303848266602 0.0328119620680809 0.08455666899681091
0.0 0.4329651892185211 0.7441810965538025 0.031682610511779785 0.10431979596614838
1.0 0.3849678337574005 0.7507086396217346 0.03163430094718933 0.1116267740726471
0.0 0.24521706998348236 0.5792570114135742 0.025581885129213333 0.09400171786546707
0.0 0.9970386624336243 0.3004906177520752 0.005922646727412939 0.2555359899997711
