0.0 0.783311128616333 0.2596357464790344 0.11786103993654251 0.2820018231868744
1.0 0.29764899611473083 0.6444070339202881 0.09396452456712723 0.23777367174625397
1.0 0.7039189338684082 0.4447820484638214 0.06324169784784317 0.14903125166893005
1.0 0.5022377967834473 0.7650923132896423 0.0575903058052063 0.13197438418865204
1.0 0.20405031740665436 0.7618350386619568 0.06939338147640228 0.1636131852865219
1.0 0.14598199725151062 0.6312857270240784 0.07451307773590088 0.19699880480766296
1.0 0.2176719456911087 0.6067101955413818 0.06273682415485382 0.15348537266254425
1.0 0.18890605866909027 0.3932040333747864 0.12201579660177231 0.3045046627521515
0.0 0.7988619804382324 0.5400694608688354 0.05637071281671524 0.12430812418460846
1.0 0.6447736620903015 0.499767929315567 0.048476673662662506 0.1144304871559143
0.0 0.5973823070526123 0.6125854849815369 0.0514877513051033 0.09562225639820099
0.0 0.45330530405044556 0.773897647857666 0.05366787686944008 0.11615042388439178
1.0 0.3979351222515106 0.7905970215797424 0.05488746985793114 0.12381669133901596
0.0 0.20528355240821838 0.6264520287513733 0.045036666095256805 0.10404801368713379
