1.0 0.007731373887509108 0.753949761390686 0.015462747775018215 0.1404949277639389
1.0 0.002320399973541498 0.6334580183029175 0.004640799947082996 0.17031243443489075
0.0 0.727893590927124 0.3695627748966217 0.06493929773569107 0.24254095554351807
1.0 0.3091219663619995 0.6272516250610352 0.05058221518993378 0.2058870643377304
1.0 0.6465898752212524 0.5132337808609009 0.03530470281839371 0.12803837656974792
1.0 0.4570029675960541 0.7542390823364258 0.032723523676395416 0.11366649717092514
1.0 0.22364725172519684 0.7130716443061829 0.03883761912584305 0.1404949277639389
1.0 0.19164139032363892 0.5964272618293762 0.03836247697472572 0.17031243443489075
1.0 0.2504214346408844 0.5851284861564636 0.03486932814121246 0.13282805681228638
1.0 0.24972383677959442 0.4042608439922333 0.06600437313318253 0.2628992199897766
0.0 0.7115179896354675 0.6054209470748901 0.03277178481221199 0.10672102123498917
1.0 0.594851553440094 0.5521970987319946 0.026666071265935898 0.09797481447458267
0.0 0.5469452142715454 0.6394292712211609 0.03188391774892807 0.080135777592659
0.0 0.4178134500980377 0.7553434371948242 0.031352050602436066 0.09881642460823059
1.0 0.37270405888557434 0.7619616389274597 0.03143291175365448 0.10648055374622345
0.0 0.238686665892601 0.6005879640579224 0.025117389857769012 0.08935171365737915
