0.0 0.7711408138275146 0.39295390248298645 0.02951887808740139 0.2597198486328125
1.0 0.2481856495141983 0.5927034020423889 0.019592801108956337 0.22130736708641052
1.0 0.6520199179649353 0.5306234955787659 0.016813693568110466 0.1369185894727707
1.0 0.39190924167633057 0.7523661851882935 0.01658843457698822 0.12129521369934082
1.0 0.1352052539587021 0.6685592532157898 0.01856759563088417 0.15022096037864685
1.0 0.1208476796746254 0.539846658706665 0.012021521106362343 0.18370984494686127
1.0 0.18957927823066711 0.5380741357803345 0.015330271795392036 0.14236421883106232
1.0 0.22276413440704346 0.3469506800174713 0.02672090195119381 0.28232863545417786
0.0 0.7082789540290833 0.6391984820365906 0.018038149923086166 0.11350605636835098
1.0 0.5860711932182312 0.5628278255462646 0.012445947155356407 0.10483428835868835
0.0 0.515397846698761 0.6466682553291321 0.022296985611319542 0.08388921618461609
0.0 0.3472924828529358 0.7467590570449829 0.017914164811372757 0.1049131527543068
1.0 0.2949316203594208 0.7459514737129211 0.016475776210427284 0.11348352581262589
0.0 0.17337751388549805 0.5523716807365417 0.01231081597507 0.09546028822660446
