0.0 0.8880892395973206 0.4193307161331177 0.04416990280151367 0.37524476647377014
1.0 0.27635228633880615 0.6157956123352051 0.030267387628555298 0.3347151577472687
1.0 0.7578682899475098 0.5959372520446777 0.02457970380783081 0.20085614919662476
1.0 0.45698082447052 0.8784157037734985 0.023941636085510254 0.18255621194839478
1.0 0.1374513804912567 0.7103371024131775 0.027069762349128723 0.23142671585083008
1.0 0.11583739519119263 0.513222336769104 0.020404286682605743 0.2809605300426483
1.0 0.20185695588588715 0.5234208106994629 0.02219584584236145 0.21594366431236267
1.0 0.23807433247566223 0.24344846606254578 0.04065604507923126 0.42499274015426636
0.0 0.8263734579086304 0.7614709734916687 0.024913370609283447 0.16606009006500244
1.0 0.6824679374694824 0.6299954652786255 0.018794000148773193 0.15525811910629272
0.0 0.6013572812080383 0.7414646744728088 0.029438495635986328 0.12683343887329102
0.0 0.402573823928833 0.8629292249679565 0.024927467107772827 0.16008716821670532
1.0 0.33844083547592163 0.8537595272064209 0.023611068725585938 0.17231673002243042
0.0 0.18213185667991638 0.5409136414527893 0.01836574077606201 0.1457616090774536
