0.0 0.7493723630905151 0.34903764724731445 0.07249292731285095 0.2597408592700958
1.0 0.2672777771949768 0.6335842609405518 0.05631648376584053 0.22039328515529633
1.0 0.6550018787384033 0.5047197341918945 0.03944491595029831 0.13713952898979187
1.0 0.4357210695743561 0.7669091820716858 0.03660515323281288 0.12177477031946182
1.0 0.16860412061214447 0.7272976040840149 0.043395280838012695 0.15048354864120483
1.0 0.13288378715515137 0.6028101444244385 0.04258676618337631 0.18223989009857178
1.0 0.20034678280353546 0.5895467400550842 0.03890242427587509 0.14223319292068481
1.0 0.20103991031646729 0.3955649733543396 0.07353769242763519 0.2814517617225647
0.0 0.7286573052406311 0.6023337244987488 0.03672175481915474 0.11437637358903885
1.0 0.5953812599182129 0.5475184917449951 0.02978208288550377 0.10493174940347672
0.0 0.539754331111908 0.6420149803161621 0.035935450345277786 0.08603522926568985
0.0 0.3907955586910248 0.7688568234443665 0.03515978530049324 0.10592569410800934
1.0 0.3390395939350128 0.776833713054657 0.03518524393439293 0.1140923872590065
0.0 0.18676960468292236 0.6063567996025085 0.02807825244963169 0.09571292996406555
