0.0 0.7896888256072998 0.38984647393226624 0.03150475025177002 0.28492802381515503
1.0 0.23312252759933472 0.6031221151351929 0.021718233823776245 0.239423930644989
1.0 0.6584110260009766 0.5398619174957275 0.0180511474609375 0.14998406171798706
1.0 0.3768368363380432 0.7788275480270386 0.017939865589141846 0.13228696584701538
1.0 0.11395858228206635 0.6835690140724182 0.020273514091968536 0.1620866060256958
1.0 0.10409030318260193 0.5446236729621887 0.013813532888889313 0.19769176840782166
1.0 0.17470099031925201 0.543354332447052 0.016817927360534668 0.1534980833530426
1.0 0.2158532738685608 0.3378250002861023 0.029427021741867065 0.30360147356987
0.0 0.7148904800415039 0.6598372459411621 0.019338905811309814 0.1248045563697815
1.0 0.5874599814414978 0.5744256973266602 0.01340329647064209 0.1146504282951355
0.0 0.5100739002227783 0.6652559041976929 0.02376726269721985 0.09149670600891113
0.0 0.33045679330825806 0.7718878984451294 0.019248127937316895 0.11417549848556519
1.0 0.2760079503059387 0.7700743675231934 0.017807990312576294 0.12331241369247437
0.0 0.1575135588645935 0.5585858821868896 0.013375416398048401 0.10287648439407349
