0.0 0.1872909516096115 0.4969322979450226 0.03278633952140808 0.30806082487106323
0.0 0.1212550550699234 0.7715274095535278 0.017823420464992523 0.14576417207717896
1.0 0.06620454788208008 0.6604201793670654 0.02187095582485199 0.19083255529403687
1.0 0.6476974487304688 0.2496677190065384 0.02060002088546753 0.22983989119529724
0.0 0.7147094011306763 0.35308873653411865 0.014596641063690186 0.10671129822731018
0.0 0.8038051128387451 0.2009393870830536 0.015832960605621338 0.15687090158462524
1.0 0.5119412541389465 0.37030017375946045 0.0220109224319458 0.1453092396259308
1.0 0.3946978449821472 0.3283124566078186 0.014729350805282593 0.22456985712051392
1.0 0.2275455892086029 0.3825053572654724 0.013498470187187195 0.08633926510810852
1.0 0.0021313740871846676 0.6953328847885132 0.004262748174369335 0.1382131576538086
