1.0 0.002918935613706708 0.6977089643478394 0.005837871227413416 0.16230833530426025
1.0 0.003364283125847578 0.5590887069702148 0.006728566251695156 0.19832062721252441
0.0 0.7639937996864319 0.3620854914188385 0.04089789465069771 0.28031107783317566
1.0 0.30929863452911377 0.5978208184242249 0.02946745976805687 0.23807986080646515
1.0 0.6658958792686462 0.5151270627975464 0.02249872498214245 0.14783214032649994
1.0 0.4458640217781067 0.7633814811706543 0.021394481882452965 0.1304047554731369
1.0 0.21325455605983734 0.6837856769561768 0.024666564539074898 0.16230833530426025
1.0 0.19321554899215698 0.5465975403785706 0.021320270374417305 0.19832062721252441
1.0 0.2540696859359741 0.541981041431427 0.020951174199581146 0.1530168354511261
1.0 0.2730800211429596 0.3346114158630371 0.039294902235269547 0.3043590784072876
0.0 0.7216342091560364 0.6287521123886108 0.022122126072645187 0.12214940041303635
1.0 0.6089417338371277 0.5514482259750366 0.017199048772454262 0.1135360524058342
0.0 0.5499374866485596 0.6449560523033142 0.024548744782805443 0.09136149287223816
0.0 0.4058769643306732 0.7590681910514832 0.021594027057290077 0.11381448805332184
1.0 0.3593195378780365 0.7604964971542358 0.020866382867097855 0.1220698356628418
0.0 0.24054113030433655 0.557292640209198 0.016526879742741585 0.1029280498623848
0.0 0.9967159628868103 0.3462526798248291 0.006568044424057007 0.28031107783317566
