0.0 0.7514025568962097 0.36247292160987854 0.07307730615139008 0.2575547695159912
1.0 0.2942097783088684 0.6452267169952393 0.057064738124608994 0.2185317426919937
1.0 0.6633829474449158 0.516972541809082 0.039696626365184784 0.135986790060997
1.0 0.4573892056941986 0.7772424221038818 0.03675191476941109 0.1207531988620758
1.0 0.20115678012371063 0.7382780909538269 0.04366602376103401 0.14921879768371582
1.0 0.16513195633888245 0.6148684620857239 0.0433988943696022 0.1806955486536026
1.0 0.2295023798942566 0.6016350388526917 0.03926103189587593 0.14103509485721588
1.0 0.22730132937431335 0.40926575660705566 0.07441457360982895 0.27907657623291016
0.0 0.7353172302246094 0.6136870980262756 0.03674587234854698 0.11341985315084457
1.0 0.6069543361663818 0.5594863295555115 0.029994066804647446 0.10404923558235168
0.0 0.555111289024353 0.6532630920410156 0.035549670457839966 0.08532631397247314
0.0 0.4144214689731598 0.7792273163795471 0.03512618690729141 0.10504131764173508
1.0 0.36500558257102966 0.7871994376182556 0.035279531031847 0.1131364032626152
0.0 0.2167564034461975 0.6183214783668518 0.028227265924215317 0.09490910917520523
