0.0 0.7390775084495544 0.3930702805519104 0.034163132309913635 0.2634715735912323
1.0 0.26742392778396606 0.5673509240150452 0.024214334785938263 0.22437162697315216
1.0 0.6264023780822754 0.5259812474250793 0.019112495705485344 0.13892626762390137
1.0 0.3848503828048706 0.7364408373832703 0.01842266507446766 0.12311418354511261
1.0 0.16366775333881378 0.6380743980407715 0.021075360476970673 0.1524265706539154
1.0 0.15834785997867584 0.5071442723274231 0.01636469177901745 0.1861523538827896
1.0 0.2189451903104782 0.5089960098266602 0.017977572977542877 0.1444004327058792
1.0 0.2590195834636688 0.3174697756767273 0.03241059556603432 0.28627893328666687
0.0 0.6697481274604797 0.6387677192687988 0.01945418305695057 0.11526820063591003
1.0 0.5665243864059448 0.555053174495697 0.014257163740694523 0.10636130720376968
0.0 0.49955230951309204 0.6360948085784912 0.0222726259380579 0.0854053646326065
0.0 0.3458981215953827 0.7284045219421387 0.0190746933221817 0.1065714955329895
1.0 0.2998567819595337 0.7248114943504333 0.018077723681926727 0.11520814150571823
0.0 0.20387180149555206 0.5225962996482849 0.013843287713825703 0.09687408059835434
