1.0 0.012295128777623177 0.7886469960212708 0.024590257555246353 0.1460864245891571
0.0 0.21148483455181122 0.540276050567627 0.07997927814722061 0.32376551628112793
0.0 0.19394570589065552 0.8368514180183411 0.04006735607981682 0.15337760746479034
1.0 0.12448185682296753 0.7304129004478455 0.051341988146305084 0.2013077437877655
1.0 0.5956857204437256 0.21434248983860016 0.05449223518371582 0.23762452602386475
0.0 0.6723387837409973 0.3105171024799347 0.029694262892007828 0.11071301251649857
0.0 0.7288597822189331 0.14185883104801178 0.0384092777967453 0.16161219775676727
1.0 0.4910868704319 0.35871395468711853 0.04292745515704155 0.15216365456581116
1.0 0.37690261006355286 0.33309975266456604 0.04915020987391472 0.2333025187253952
1.0 0.2307077944278717 0.4150392413139343 0.0263886209577322 0.09140640497207642
1.0 0.0644194632768631 0.7786353826522827 0.037284966558218 0.1460864245891571
