0.0 0.7378470301628113 0.33146220445632935 0.09034416824579239 0.25749582052230835
1.0 0.2775076925754547 0.6500052213668823 0.07162023335695267 0.2180875539779663
1.0 0.6549390554428101 0.4935392141342163 0.04883482679724693 0.13604441285133362
1.0 0.4551195204257965 0.7708469033241272 0.04489538073539734 0.1209242045879364
1.0 0.18584275245666504 0.7505846619606018 0.05369546264410019 0.149290531873703
1.0 0.14124566316604614 0.6289944648742676 0.055361319333314896 0.18002623319625854
1.0 0.2075776606798172 0.6109046339988708 0.04870167747139931 0.1409425139427185
1.0 0.19429217278957367 0.41737714409828186 0.09303238987922668 0.27863216400146484
0.0 0.7354363203048706 0.5855924487113953 0.04443768411874771 0.11375805735588074
1.0 0.59855717420578 0.540522575378418 0.03697877749800682 0.10406304150819778
0.0 0.5498834848403931 0.6387814879417419 0.041488613933324814 0.08621145784854889
0.0 0.41045111417770386 0.7760264277458191 0.04227088764309883 0.1054418757557869
1.0 0.35940441489219666 0.7877117395401001 0.0429256297647953 0.11336410045623779
0.0 0.19524696469306946 0.6286492943763733 0.03461513668298721 0.09499094635248184
