0.0 0.5125327110290527 0.39462557435035706 0.08324586600065231 0.3499365448951721
0.0 0.49444738030433655 0.5792354345321655 0.032608866691589355 0.09392344206571579
1.0 0.5894215106964111 0.5831195116043091 0.04476173594594002 0.15192252397537231
1.0 0.6741699576377869 0.7103365063667297 0.03622942417860031 0.11317561566829681
1.0 0.793700098991394 0.6706427335739136 0.03460915386676788 0.11118251085281372
1.0 0.4582592844963074 0.6675848960876465 0.03985002636909485 0.1324276626110077
1.0 0.4257895052433014 0.5731203556060791 0.04481256380677223 0.16543841361999512
1.0 0.21137426793575287 0.6342824697494507 0.04114113375544548 0.13267047703266144
1.0 0.5095227360725403 0.549219012260437 0.04083739593625069 0.13767817616462708
1.0 0.7231953740119934 0.7364524602890015 0.03331804648041725 0.11093970388174057
