0.0 0.93492591381073 0.007007702719420195 0.03976049646735191 0.01401540543884039
0.0 0.5627279877662659 0.49713367223739624 0.07860902696847916 0.23558954894542694
0.0 0.46501821279525757 0.6401389241218567 0.07889138162136078 0.22465839982032776
0.0 0.2816314399242401 0.766532301902771 0.03997025266289711 0.11605996638536453
0.0 0.09948092699050903 0.5879817008972168 0.07455814629793167 0.26500701904296875
0.0 0.8994659781455994 0.20892727375030518 0.03976049646735191 0.11456763744354248
0.0 0.6837276816368103 0.2759875953197479 0.05949115753173828 0.13196969032287598
1.0 0.1934209167957306 0.6871709823608398 0.055012769997119904 0.19716505706310272
1.0 0.7789427638053894 0.359377384185791 0.05665897578001022 0.1959337741136551
1.0 0.962820827960968 0.417949914932251 0.06269532442092896 0.21945559978485107
0.0 0.9374096393585205 0.3025258481502533 0.04406185448169708 0.14515943825244904
1.0 0.0274820514023304 0.6516148447990417 0.0549641028046608 0.2148115336894989
