1.0 0.5043095350265503 0.5078602433204651 0.03417988121509552 0.19189271330833435
1.0 0.7821887731552124 0.5051888227462769 0.03204777091741562 0.18755055963993073
1.0 0.9734614491462708 0.4420454204082489 0.02774367853999138 0.12430191785097122
1.0 0.8272624611854553 0.6772137880325317 0.030613074079155922 0.16646768152713776
1.0 0.8888614177703857 0.5064019560813904 0.024368027225136757 0.1016879603266716
1.0 0.3996555805206299 0.38648682832717896 0.03245224058628082 0.12602132558822632
1.0 0.18258610367774963 0.3701937794685364 0.02221604995429516 0.07006364315748215
1.0 0.7283653020858765 0.4361317753791809 0.029082726687192917 0.1439792364835739
0.0 0.9197335839271545 0.37439391016960144 0.037957917898893356 0.24741095304489136
0.0 0.8637937903404236 0.5194040536880493 0.028154147788882256 0.10334460437297821
0.0 0.05303779989480972 0.4686737358570099 0.027149822562932968 0.08858656883239746
0.0 0.5882022976875305 0.2832859754562378 0.02624121680855751 0.07523409277200699
