0.0 0.5725430250167847 0.486076295375824 0.04159826040267944 0.24946871399879456
0.0 0.505214512348175 0.6522578001022339 0.043671607971191406 0.2341257929801941
0.0 0.3624897301197052 0.8121639490127563 0.02252483367919922 0.11967027187347412
0.0 0.17929039895534515 0.6509925127029419 0.03900602459907532 0.28033822774887085
0.0 0.8344271183013916 0.12506885826587677 0.0229489803314209 0.12447657436132431
0.0 0.6518824100494385 0.23010000586509705 0.0379183292388916 0.14035730063915253
1.0 0.03862549364566803 0.5451281070709229 0.02813853695988655 0.19873839616775513
1.0 0.2751884460449219 0.7419835925102234 0.027569353580474854 0.2067335844039917
1.0 0.7455888986587524 0.30638813972473145 0.027928650379180908 0.21156245470046997
1.0 0.9131643772125244 0.34244638681411743 0.032060444355010986 0.2357797920703888
0.0 0.8782835006713867 0.22165441513061523 0.023463547229766846 0.15727102756500244
1.0 0.12517307698726654 0.7291820049285889 0.02775540202856064 0.2266203761100769
