0.0 0.22323951125144958 0.39047664403915405 0.05657156929373741 0.24425208568572998
0.0 0.722461998462677 0.6047152876853943 0.04902351275086403 0.14942647516727448
0.0 0.8032222986221313 0.3805113434791565 0.04348743334412575 0.11635180562734604
0.0 0.8478561043739319 0.20764005184173584 0.0430770218372345 0.08720158040523529
0.0 0.5060884952545166 0.5647417902946472 0.0488617904484272 0.14808425307273865
0.0 0.1453276127576828 0.7178292870521545 0.045247144997119904 0.2210620641708374
0.0 0.1588243991136551 0.5316879749298096 0.03713304176926613 0.12153856456279755
1.0 0.28216084837913513 0.4024415612220764 0.04230828955769539 0.16449052095413208
1.0 0.39761990308761597 0.5921093225479126 0.03805030882358551 0.16133195161819458
1.0 0.4762754440307617 0.6949753165245056 0.03837377205491066 0.1640165001153946
1.0 0.5954589247703552 0.6704019904136658 0.04109528660774231 0.15442369878292084
1.0 0.6895979046821594 0.7162520885467529 0.0287666916847229 0.06497453898191452
1.0 0.05563121289014816 0.5100782513618469 0.054400354623794556 0.2777208685874939
1.0 0.1861017644405365 0.519550085067749 0.03453578054904938 0.14503538608551025
1.0 0.0015508374199271202 0.3826799988746643 0.0031016748398542404 0.1953696608543396
