1.0 0.47966471314430237 0.5253814458847046 0.07075291872024536 0.20941218733787537
1.0 0.7019435167312622 0.601844847202301 0.06805938482284546 0.20448218286037445
1.0 0.875446081161499 0.5897163152694702 0.05033693090081215 0.13643983006477356
1.0 0.6803252696990967 0.796428382396698 0.06215190142393112 0.18180140852928162
1.0 0.7865235805511475 0.6335625648498535 0.042523473501205444 0.11185315996408463
1.0 0.4368767738342285 0.36730536818504333 0.054510828107595444 0.13893643021583557
1.0 0.26938697695732117 0.28815874457359314 0.03366230055689812 0.07783199846744537
1.0 0.682156503200531 0.5135376453399658 0.05585057660937309 0.1576085239648819
0.0 0.855265200138092 0.5029211640357971 0.0863092914223671 0.26913824677467346
0.0 0.762204110622406 0.6401453614234924 0.04594147205352783 0.11415287107229233
0.0 0.13324277102947235 0.35522738099098206 0.04180619865655899 0.0982763022184372
0.0 0.6216035485267639 0.31208333373069763 0.038064826279878616 0.08391182869672775
