0.0 0.3005360960960388 0.3239613473415375 0.028901487588882446 0.2740940451622009
0.0 0.7501274347305298 0.6300008893013 0.03176921606063843 0.16687285900115967
0.0 0.8504911661148071 0.38689956068992615 0.029827773571014404 0.12958908081054688
0.0 0.9110645055770874 0.1973944455385208 0.03292721509933472 0.09565785527229309
0.0 0.5491783618927002 0.5561269521713257 0.03154867887496948 0.1647552251815796
0.0 0.19320252537727356 0.6812543869018555 0.02030085027217865 0.24850821495056152
0.0 0.22545593976974487 0.47406506538391113 0.022689610719680786 0.13531234860420227
1.0 0.35473179817199707 0.34468233585357666 0.02320292592048645 0.1845794916152954
1.0 0.44413477182388306 0.5727527141571045 0.019919633865356445 0.18143627047538757
1.0 0.5078226923942566 0.6988452672958374 0.02000001072883606 0.1850089430809021
1.0 0.6231415271759033 0.6874328255653381 0.023329198360443115 0.17338621616363525
1.0 0.7075600624084473 0.7509447336196899 0.020793676376342773 0.07150250673294067
1.0 0.1307383030653 0.43667274713516235 0.02242445945739746 0.31234002113342285
1.0 0.2519095838069916 0.46376854181289673 0.01795905828475952 0.1623702049255371
1.0 0.07576489448547363 0.28441324830055237 0.018305517733097076 0.219285786151886
