0.0 0.6041496992111206 0.433538556098938 0.12082210928201675 0.3300744295120239
0.0 0.489815890789032 0.576904833316803 0.045209769159555435 0.09113042056560516
1.0 0.598881185054779 0.6319030523300171 0.06297861784696579 0.14542719721794128
1.0 0.6347906589508057 0.7831335067749023 0.050634175539016724 0.10907871276140213
1.0 0.7943403720855713 0.8142141699790955 0.04846034571528435 0.10638310015201569
1.0 0.4031258821487427 0.6315038204193115 0.05605849251151085 0.12702687084674835
1.0 0.41275158524513245 0.5348426699638367 0.06382950395345688 0.15723642706871033
1.0 0.1311473548412323 0.4701387882232666 0.057554181665182114 0.12747889757156372
1.0 0.5224750638008118 0.5606583952903748 0.05741465836763382 0.13151398301124573
1.0 0.6789166331291199 0.8315638899803162 0.04696468263864517 0.10593107342720032
