1.0 0.0017212112434208393 0.6650994420051575 0.0034424224868416786 0.1903589963912964
0.0 0.5483046770095825 0.46404513716697693 0.09497325867414474 0.24225296080112457
0.0 0.5243481397628784 0.635599672794342 0.09370438009500504 0.2312418669462204
0.0 0.4287046194076538 0.8198776841163635 0.04778105020523071 0.11941520124673843
0.0 0.2251785546541214 0.7080339193344116 0.09576021879911423 0.271693617105484
0.0 0.7038980722427368 0.07124996930360794 0.047409556806087494 0.11789747327566147
0.0 0.562248945236206 0.2088794708251953 0.06554289907217026 0.1366039514541626
1.0 0.07487499713897705 0.6394633054733276 0.06657527387142181 0.1903589963912964
1.0 0.33267849683761597 0.7726054191589355 0.0708794817328453 0.20211313664913177
1.0 0.6650888919830322 0.25770100951194763 0.07202561944723129 0.20096702873706818
1.0 0.8271218538284302 0.25262007117271423 0.08006101101636887 0.22504843771457672
0.0 0.7664247751235962 0.14924411475658417 0.0550260953605175 0.14901001751422882
1.0 0.19235573709011078 0.7940881252288818 0.07382027059793472 0.21995387971401215
