0.0 0.318831205368042 0.33231431245803833 0.030874103307724 0.2638923227787018
0.0 0.7937045097351074 0.6237863302230835 0.03686976432800293 0.16232675313949585
0.0 0.8894919157028198 0.39034727215766907 0.03382962942123413 0.12210237979888916
0.0 0.9443621635437012 0.21384599804878235 0.03568238019943237 0.08792974054813385
0.0 0.5832427144050598 0.5548230409622192 0.03540623188018799 0.16066935658454895
0.0 0.20187973976135254 0.6846631169319153 0.0208398699760437 0.25007951259613037
0.0 0.23796841502189636 0.4778170585632324 0.024020954966545105 0.1330052614212036
1.0 0.37637826800346375 0.351652592420578 0.025202691555023193 0.17759793996810913
1.0 0.47253602743148804 0.5724546909332275 0.02266821265220642 0.1780727505683899
1.0 0.541439414024353 0.6956206560134888 0.02344423532485962 0.18344157934188843
1.0 0.6629096269607544 0.6820755004882812 0.027595698833465576 0.17072319984436035
1.0 0.7523953914642334 0.742451548576355 0.02329319715499878 0.07081753015518188
1.0 0.13529957830905914 0.44283705949783325 0.021822988986968994 0.30711784958839417
1.0 0.2665570378303528 0.467607319355011 0.018979817628860474 0.1591200828552246
1.0 0.07703779637813568 0.29360872507095337 0.01868727058172226 0.2127411812543869
