0.0 0.5571445226669312 0.42298102378845215 0.1028791144490242 0.19481123983860016
0.0 0.5352615714073181 0.567503809928894 0.10144209861755371 0.1864868402481079
0.0 0.43879076838493347 0.7339761257171631 0.0518425814807415 0.09643048048019409
0.0 0.22418445348739624 0.6762561202049255 0.10458948463201523 0.21663527190685272
0.0 0.7117547392845154 0.07630410045385361 0.05139390006661415 0.09515562653541565
0.0 0.5672652721405029 0.21239542961120605 0.07076118141412735 0.11202364414930344
1.0 0.06674063950777054 0.6449829936027527 0.0728362500667572 0.15184734761714935
1.0 0.337787389755249 0.7107790112495422 0.07767986506223679 0.16137051582336426
1.0 0.6749030947685242 0.23540692031383514 0.07893453538417816 0.16069507598876953
1.0 0.8439858555793762 0.20456022024154663 0.08691839128732681 0.17914199829101562
0.0 0.7785624265670776 0.13015973567962646 0.05991755425930023 0.11937729269266129
1.0 0.19156964123249054 0.7522045373916626 0.08091126382350922 0.17479415237903595
