1.0 0.05624999850988388 0.5625 0.02265624701976776 0.28828123211860657
1.0 0.44453126192092896 0.6078125238418579 0.02968752384185791 0.31640625
1.0 0.48906248807907104 0.7906249761581421 0.03125 0.2671874761581421
1.0 0.8218749761581421 0.6304687261581421 0.02421879768371582 0.15937495231628418
1.0 0.7164062261581421 0.4195312559604645 0.02109372615814209 0.18828123807907104
1.0 0.8960937261581421 0.782031238079071 0.02265620231628418 0.18671870231628418
1.0 0.37812501192092896 0.48906248807907104 0.02109372615814209 0.1968749761581421
0.0 0.10703124850988388 0.507031261920929 0.021093755960464478 0.12812498211860657
0.0 0.19687500596046448 0.20624999701976776 0.01953125 0.08359375596046448
0.0 0.3109374940395355 0.36406248807907104 0.01953125 0.15546876192092896
0.0 0.5562499761581421 0.4976562559604645 0.01953125 0.17734378576278687
0.0 0.6226562261581421 0.40937501192092896 0.02812504768371582 0.09218752384185791
0.0 0.6507812738418579 0.30937498807907104 0.02968752384185791 0.18828123807907104
1.0 0.757031261920929 0.49687498807907104 0.02421879768371582 0.1343749761581421
