0.0 0.28271520137786865 0.367713063955307 0.06453675031661987 0.2539043724536896
0.0 0.740240216255188 0.5827429294586182 0.05188024416565895 0.1556433141231537
0.0 0.7993123531341553 0.3478582799434662 0.04492559656500816 0.12145087867975235
0.0 0.8291003704071045 0.16748222708702087 0.04309213533997536 0.09108254313468933
0.0 0.5450267195701599 0.5442445278167725 0.051634255796670914 0.1541002243757248
0.0 0.2320060133934021 0.7096471786499023 0.053132012486457825 0.22952918708324432
0.0 0.2335055023431778 0.5155850648880005 0.039737481623888016 0.12663906812667847
1.0 0.3359379768371582 0.3790064752101898 0.04687086120247841 0.17138656973838806
1.0 0.4501534402370453 0.5743998885154724 0.043292850255966187 0.16780853271484375
1.0 0.52634197473526 0.6801304221153259 0.04378484562039375 0.17089462280273438
1.0 0.6312112808227539 0.6531283259391785 0.0451490581035614 0.16058538854122162
1.0 0.7175862789154053 0.6986925005912781 0.028847241774201393 0.06775838881731033
1.0 0.14001904428005219 0.49488791823387146 0.06402222067117691 0.28840985894203186
1.0 0.2567179203033447 0.5023912787437439 0.0390440933406353 0.15058937668800354
1.0 0.06760994344949722 0.36323922872543335 0.047407366335392 0.20305196940898895
