0.0 0.5830991268157959 0.45829102396965027 0.04451388120651245 0.23430949449539185
0.0 0.5134583711624146 0.6142004728317261 0.04616731405258179 0.22337943315505981
0.0 0.36862844228744507 0.7630119323730469 0.023205727338790894 0.11582440137863159
0.0 0.19538258016109467 0.6064831018447876 0.038438647985458374 0.2635917067527771
0.0 0.8444027900695801 0.1258159577846527 0.022980332374572754 0.11363920569419861
0.0 0.6646684408187866 0.22189868986606598 0.03914409875869751 0.12830433249473572
1.0 0.06601214408874512 0.5051802396774292 0.02645689994096756 0.18381252884864807
1.0 0.2854388952255249 0.6935840249061584 0.028335005044937134 0.19742262363433838
1.0 0.7556644678115845 0.29287785291671753 0.02960073947906494 0.19630293548107147
1.0 0.9229910373687744 0.32813820242881775 0.03160274028778076 0.22061951458454132
0.0 0.887789249420166 0.21520139276981354 0.023428618907928467 0.14541587233543396
1.0 0.140314981341362 0.6786436438560486 0.027107059955596924 0.21445345878601074
1.0 0.007529546972364187 0.37446844577789307 0.015059093944728374 0.13276952505111694
