1.0 0.4920911192893982 0.5301732420921326 0.05140046402812004 0.1890556514263153
1.0 0.6976460218429565 0.5069184303283691 0.04925614222884178 0.1846758872270584
1.0 0.8306792378425598 0.43070918321609497 0.037342045456171036 0.12288403511047363
1.0 0.754777193069458 0.6725037693977356 0.04528477415442467 0.16407859325408936
1.0 0.7768634557723999 0.5001897215843201 0.031755778938531876 0.10065329819917679
1.0 0.3977946639060974 0.4187523126602173 0.04098191857337952 0.12490792572498322
1.0 0.23468708992004395 0.4188687205314636 0.02579878270626068 0.0697573870420456
1.0 0.6482341885566711 0.4430992305278778 0.041048645973205566 0.14210814237594604
0.0 0.7815321683883667 0.3682631254196167 0.06185838580131531 0.24329514801502228
0.0 0.7600805759429932 0.5148192048072815 0.034720730036497116 0.1025470569729805
0.0 0.15226921439170837 0.525196373462677 0.03194074332714081 0.0881289392709732
0.0 0.5232822895050049 0.3034082055091858 0.029425576329231262 0.07508401572704315
