0.0 0.26373186707496643 0.405713826417923 0.10457716137170792 0.24784180521965027
0.0 0.7506593465805054 0.5416131019592285 0.07558263093233109 0.15408378839492798
0.0 0.7698228359222412 0.3001735210418701 0.06311715394258499 0.12101177871227264
0.0 0.7691808342933655 0.11735548079013824 0.05609220266342163 0.0923989787697792
0.0 0.5517613291740417 0.536135196685791 0.07508330047130585 0.1526031643152237
0.0 0.27062785625457764 0.7513187527656555 0.08968467265367508 0.22313661873340607
0.0 0.23981429636478424 0.5597127079963684 0.05919213593006134 0.12493686378002167
1.0 0.31809183955192566 0.4079934358596802 0.0736721009016037 0.16787351667881012
1.0 0.46322861313819885 0.5816571116447449 0.0697123110294342 0.16391371190547943
1.0 0.5559486150741577 0.6732357740402222 0.07071096450090408 0.16687490046024323
1.0 0.654862642288208 0.629159688949585 0.07017697393894196 0.157509446144104
1.0 0.747615396976471 0.6597157716751099 0.03873778507113457 0.06817571818828583
1.0 0.14418718218803406 0.5548604130744934 0.11013900488615036 0.2798977494239807
1.0 0.26050764322280884 0.5428403615951538 0.06273935735225677 0.14712809026241302
1.0 0.050881121307611465 0.43709608912467957 0.07971586287021637 0.1974676102399826
0.0 0.9867923259735107 0.04258175939321518 0.02641533687710762 0.08516351878643036
