0.0 0.5622627139091492 0.44675153493881226 0.11023640632629395 0.2844296395778656
0.0 0.5365448594093323 0.6478478908538818 0.10868329554796219 0.2714715898036957
0.0 0.4292827546596527 0.8632503151893616 0.05543450638651848 0.14019612967967987
0.0 0.19641509652137756 0.7302398085594177 0.1114332377910614 0.319101482629776
0.0 0.735905110836029 0.028199736028909683 0.05499741807579994 0.056399472057819366
0.0 0.575809121131897 0.14745742082595825 0.07576039433479309 0.16026929020881653
1.0 0.03165736421942711 0.6484699249267578 0.06331472843885422 0.22357985377311707
1.0 0.3194632828235626 0.8069445490837097 0.08249074220657349 0.2373833954334259
1.0 0.6934046745300293 0.20564039051532745 0.08377902954816818 0.23602208495140076
1.0 0.877934992313385 0.20108844339847565 0.09314282983541489 0.26430991291999817
0.0 0.8078458309173584 0.08337516337633133 0.06395871937274933 0.16675032675266266
1.0 0.15981405973434448 0.830931544303894 0.08601096272468567 0.2583700120449066
