1.0 0.027283508330583572 0.2026224285364151 0.054567016661167145 0.2067653387784958
0.0 0.3700549304485321 0.3449144661426544 0.09629976749420166 0.2588732838630676
0.0 0.6938555240631104 0.7441264986991882 0.07133021950721741 0.16076768934726715
0.0 0.8497001528739929 0.5482912063598633 0.05932499095797539 0.12549440562725067
0.0 0.9549011588096619 0.39155498147010803 0.05383472144603729 0.09533703327178955
0.0 0.5327132940292358 0.6236320734024048 0.07072148472070694 0.15864428877830505
0.0 0.17552343010902405 0.644553542137146 0.08204077184200287 0.23334795236587524
0.0 0.2612484395503998 0.46231892704963684 0.055650852620601654 0.130287766456604
1.0 0.4140796661376953 0.378216415643692 0.06863703578710556 0.1755865514278412
1.0 0.4328833520412445 0.6110981702804565 0.0641847625374794 0.17106206715106964
1.0 0.4566725492477417 0.7435360550880432 0.06519925594329834 0.1746010184288025
1.0 0.5640201568603516 0.7635868191719055 0.06539042294025421 0.1642618030309677
1.0 0.6230116486549377 0.843307375907898 0.036543864756822586 0.07024174183607101
1.0 0.18524782359600067 0.4029989540576935 0.10046020150184631 0.29319679737091064
1.0 0.2879503667354584 0.46001625061035156 0.05793982371687889 0.15368081629276276
1.0 0.1761234700679779 0.24795645475387573 0.07315803319215775 0.2067653387784958
