0.0 0.554047703742981 0.4611322283744812 0.041088636964559555 0.2411855161190033
0.0 0.489189475774765 0.6235486268997192 0.04275426268577576 0.22931602597236633
0.0 0.34992045164108276 0.7812759876251221 0.021400056779384613 0.11890044808387756
0.0 0.17348851263523102 0.6244061589241028 0.03434344008564949 0.27339062094688416
0.0 0.8021393418312073 0.11359847337007523 0.021390819922089577 0.11720346659421921
0.0 0.6288357377052307 0.21550796926021576 0.03704196959733963 0.13256040215492249
1.0 0.04060070589184761 0.5224542021751404 0.023524215444922447 0.1918797492980957
1.0 0.2656470537185669 0.7121533751487732 0.025318274274468422 0.20376791059970856
1.0 0.7191773056983948 0.287143349647522 0.027038920670747757 0.20208029448986053
1.0 0.8819659352302551 0.32020413875579834 0.02889712154865265 0.2258472740650177
0.0 0.8458806276321411 0.20500142872333527 0.021565057337284088 0.14944599568843842
1.0 0.12027604132890701 0.7010598182678223 0.023689264431595802 0.22242526710033417
