0.0 0.6075671911239624 0.41699257493019104 0.029729902744293213 0.3615269064903259
0.0 0.5398932695388794 0.6000503897666931 0.02221912145614624 0.0963667631149292
1.0 0.664048433303833 0.6215909719467163 0.024636030197143555 0.15639561414718628
1.0 0.7460007071495056 0.764898419380188 0.022494912147521973 0.11629915237426758
1.0 0.9092857837677002 0.7446081638336182 0.02084517478942871 0.11285525560379028
1.0 0.4711229205131531 0.6846363544464111 0.022744745016098022 0.13769268989562988
1.0 0.45041221380233765 0.5815280675888062 0.02146419882774353 0.1719793975353241
1.0 0.146050363779068 0.6056088209152222 0.02434024214744568 0.1392364501953125
1.0 0.5670030117034912 0.5728859305381775 0.02278357744216919 0.14161038398742676
1.0 0.8037617206573486 0.7999796867370605 0.019286036491394043 0.11358577013015747
