0.0 0.5870324969291687 0.40685439109802246 0.05250753462314606 0.3756158947944641
0.0 0.5103510618209839 0.5904718637466431 0.02638847939670086 0.1001501977443695
1.0 0.6167391538619995 0.6227321028709412 0.03291261941194534 0.1625700145959854
1.0 0.6748432517051697 0.7773466110229492 0.028094341978430748 0.12091834098100662
1.0 0.8219175338745117 0.7711324095726013 0.02647443488240242 0.11820676177740097
1.0 0.44283121824264526 0.6711720824241638 0.029800139367580414 0.141686350107193
1.0 0.4346235692501068 0.5642147064208984 0.03130774945020676 0.1770496368408203
1.0 0.17333140969276428 0.5645319819450378 0.031206732615828514 0.1418018788099289
1.0 0.5365375280380249 0.5647451877593994 0.030226660892367363 0.1468784213066101
1.0 0.7224240303039551 0.8187153339385986 0.025067869573831558 0.11809123307466507
