0.0 0.5691248774528503 0.4068399965763092 0.07168976217508316 0.3088335692882538
0.0 0.48291605710983276 0.5510319471359253 0.03166095167398453 0.0832139328122139
1.0 0.5885815620422363 0.5873742699623108 0.04155348241329193 0.13434885442256927
1.0 0.6387459635734558 0.720695972442627 0.03444446623325348 0.10017462819814682
1.0 0.7876278758049011 0.7300876975059509 0.032649554312229156 0.09837961196899414
1.0 0.4106249213218689 0.610420823097229 0.0372280478477478 0.11713521927595139
1.0 0.40770846605300903 0.5220633149147034 0.040494050830602646 0.1461777538061142
1.0 0.14422185719013214 0.49702975153923035 0.03876989707350731 0.11738826334476471
1.0 0.510610818862915 0.5318260788917542 0.037987127900123596 0.1217607855796814
1.0 0.6846933364868164 0.759113073348999 0.0311077032238245 0.09812656790018082
