0.0 0.5642224550247192 0.40339505672454834 0.056013621389865875 0.30989405512809753
0.0 0.48557382822036743 0.5518459677696228 0.027635619044303894 0.08282700181007385
1.0 0.5929749011993408 0.5826838612556458 0.03490078076720238 0.13424527645111084
1.0 0.6499563455581665 0.7132375240325928 0.029539668932557106 0.09990879893302917
1.0 0.7991245985031128 0.7149294018745422 0.027813702821731567 0.09818272292613983
1.0 0.41644561290740967 0.6148883700370789 0.031443797051906586 0.11699048429727554
1.0 0.40897080302238464 0.5267992615699768 0.03317972272634506 0.14632214605808258
1.0 0.14454306662082672 0.5154039859771729 0.03299665451049805 0.11716358363628387
1.0 0.5122399926185608 0.5312357544898987 0.03196302428841591 0.12164908647537231
1.0 0.6978260278701782 0.7492309808731079 0.026260845363140106 0.0980096310377121
