0.0 0.9309352040290833 0.00393633870407939 0.04527338221669197 0.00787267740815878
0.0 0.5592511892318726 0.48925790190696716 0.09055936336517334 0.242581307888031
0.0 0.46154969930648804 0.6322938799858093 0.08952172100543976 0.23148775100708008
0.0 0.293974906206131 0.7548694610595703 0.045614976435899734 0.11955566704273224
0.0 0.1613561064004898 0.5642280578613281 0.09070190787315369 0.2723001539707184
0.0 0.8731976747512817 0.20653021335601807 0.04527338221669197 0.11803092807531357
0.0 0.6851410865783691 0.26687154173851013 0.06317433714866638 0.13652347028255463
1.0 0.05718419328331947 0.4360044002532959 0.06302602589130402 0.19079545140266418
1.0 0.2289607971906662 0.6698468327522278 0.06711302697658539 0.20257225632667542
1.0 0.7555707097053528 0.3563101887702942 0.06829605996608734 0.20138923823833466
1.0 0.9029816389083862 0.42376771569252014 0.0758785754442215 0.22553442418575287
0.0 0.8945491313934326 0.30418673157691956 0.05227704718708992 0.1492871344089508
1.0 0.09370926767587662 0.6267306208610535 0.06968805193901062 0.22052699327468872
