0.0 0.31053420901298523 0.3835669755935669 0.03374665975570679 0.2933797836303711
0.0 0.7718846797943115 0.6948652267456055 0.043123483657836914 0.16847974061965942
0.0 0.8998068571090698 0.4418131113052368 0.04188960790634155 0.13841983675956726
0.0 0.9813905954360962 0.23465630412101746 0.03721874952316284 0.1070498675107956
0.0 0.5651377439498901 0.623009979724884 0.03928530216217041 0.1684713363647461
0.0 0.19016408920288086 0.7527685761451721 0.020161867141723633 0.24544250965118408
0.0 0.22707530856132507 0.5443036556243896 0.024018287658691406 0.14003121852874756
1.0 0.3679015636444092 0.40584254264831543 0.027861446142196655 0.19689595699310303
1.0 0.45383021235466003 0.6413891315460205 0.025384843349456787 0.18429350852966309
1.0 0.5144345760345459 0.7667242884635925 0.026417016983032227 0.1830589771270752
1.0 0.634903073310852 0.754003643989563 0.03181654214859009 0.17237669229507446
1.0 0.718330979347229 0.8162552118301392 0.025265872478485107 0.07035201787948608
1.0 0.12757247686386108 0.5049379467964172 0.021278582513332367 0.32491710782051086
1.0 0.2551562190055847 0.5329831838607788 0.019584640860557556 0.16833874583244324
1.0 0.06994234025478363 0.34653007984161377 0.019254058599472046 0.23571310937404633
