1.0 0.4944028854370117 0.5320376753807068 0.06932928413152695 0.20966222882270813
1.0 0.7260298132896423 0.49199414253234863 0.06666521728038788 0.2047346979379654
1.0 0.8722423911094666 0.3978022634983063 0.049426086246967316 0.13656827807426453
1.0 0.8007997870445251 0.672934889793396 0.060918841511011124 0.18201255798339844
1.0 0.8154299259185791 0.479055255651474 0.0417817197740078 0.11194824427366257
1.0 0.3807714283466339 0.41411077976226807 0.0535961352288723 0.1390407830476761
1.0 0.1958681344985962 0.4254152178764343 0.033162206411361694 0.07786504924297333
1.0 0.666158139705658 0.42413341999053955 0.05478936433792114 0.15777556598186493
0.0 0.8127537965774536 0.33145633339881897 0.08446141332387924 0.2694971561431885
0.0 0.7972872853279114 0.4965370297431946 0.04519449174404144 0.1142292246222496
0.0 0.10885599255561829 0.5497628450393677 0.04117199406027794 0.09832371026277542
0.0 0.5160658955574036 0.27674680948257446 0.03753265365958214 0.08393304795026779
