1.0 0.0002969856432173401 0.3921821713447571 0.0005939712864346802 0.3051491677761078
1.0 0.08466900140047073 0.4413132965564728 0.12161228060722351 0.3051491677761078
1.0 0.4146861135959625 0.6061233282089233 0.13723374903202057 0.33593785762786865
1.0 0.3908664882183075 0.8086881637573242 0.12146010994911194 0.2856042683124542
1.0 0.7442538142204285 0.7433878779411316 0.07768481969833374 0.17179368436336517
1.0 0.7236935496330261 0.49365729093551636 0.08510023355484009 0.20129910111427307
1.0 0.7569613456726074 0.9111974239349365 0.0859890803694725 0.17760516703128815
1.0 0.3970727324485779 0.46318554878234863 0.08797302097082138 0.20977070927619934
0.0 0.14928387105464935 0.3999379277229309 0.06384114176034927 0.13860900700092316
0.0 0.33447501063346863 0.1160760149359703 0.046864353120326996 0.09236590564250946
0.0 0.3810259699821472 0.31322237849235535 0.07214537262916565 0.16691626608371735
0.0 0.5537155866622925 0.5257510542869568 0.07961469888687134 0.18894246220588684
0.0 0.6440118551254272 0.4543565511703491 0.057054366916418076 0.10331887006759644
0.0 0.7039390802383423 0.35943931341171265 0.09241744875907898 0.20378044247627258
1.0 0.7332749962806702 0.5856974720954895 0.06906631588935852 0.14637885987758636
1.0 0.9718639254570007 0.9501549005508423 0.05627220496535301 0.09969014674425125
