1.0 0.03981254994869232 0.5567977428436279 0.024779941886663437 0.19981452822685242
0.0 0.5361934304237366 0.4791538715362549 0.04061731696128845 0.2517322897911072
0.0 0.48960399627685547 0.6491390466690063 0.041472095996141434 0.23953081667423248
0.0 0.38341233134269714 0.8162806034088135 0.020877160131931305 0.1238473579287529
0.0 0.23778486251831055 0.6570270657539368 0.036022841930389404 0.28500497341156006
0.0 0.7237743139266968 0.1122167631983757 0.02082076296210289 0.12221454083919525
0.0 0.5880709290504456 0.22152914106845856 0.03352736681699753 0.13896185159683228
1.0 0.1280032843351364 0.5537490248680115 0.024779941886663437 0.19981452822685242
1.0 0.31382715702056885 0.7467591762542725 0.026481395587325096 0.21210433542728424
1.0 0.6628815531730652 0.29413938522338867 0.0277030598372221 0.2105157971382141
1.0 0.7938249111175537 0.3247588574886322 0.03049515187740326 0.2358897477388382
0.0 0.7615575194358826 0.20572350919246674 0.02197786420583725 0.15568600594997406
1.0 0.19770514965057373 0.7376957535743713 0.025880595669150352 0.23165325820446014
1.0 0.990260660648346 0.3177776634693146 0.01947866566479206 0.2358897477388382
