0.0 0.2921006679534912 0.3534040153026581 0.04784957692027092 0.25434914231300354
0.0 0.734133780002594 0.598707377910614 0.041894085705280304 0.1550445258617401
0.0 0.8088638782501221 0.36832574009895325 0.03722090274095535 0.12066937237977982
0.0 0.8507114052772522 0.19036047160625458 0.03749945014715195 0.08983150869607925
0.0 0.5419502258300781 0.5471716523170471 0.041752398014068604 0.1534883975982666
0.0 0.2185174971818924 0.691155195236206 0.037944044917821884 0.23029972612857819
0.0 0.23306067287921906 0.4976329803466797 0.031563419848680496 0.12632691860198975
1.0 0.34444373846054077 0.3682501018047333 0.03567222133278847 0.17145277559757233
1.0 0.44526422023773193 0.5708802938461304 0.032276712357997894 0.16805723309516907
1.0 0.5141719579696655 0.681493878364563 0.032560110092163086 0.17116941511631012
1.0 0.6206193566322327 0.6616033315658569 0.03468049317598343 0.1605602651834488
1.0 0.7037355899810791 0.7128716111183167 0.02462337724864483 0.06705478578805923
1.0 0.1411772221326828 0.47069746255874634 0.04488405957818031 0.2895718514919281
1.0 0.25710758566856384 0.4860296845436096 0.02916216291487217 0.15079885721206665
1.0 0.07778289169073105 0.3344784379005432 0.033979374915361404 0.20370502769947052
