0.0 0.5796976089477539 0.41570690274238586 0.10701191425323486 0.3032625913619995
0.0 0.4769774377346039 0.5486423969268799 0.04059659689664841 0.08325977623462677
1.0 0.5775801539421082 0.5972742438316345 0.05643076449632645 0.1332244873046875
1.0 0.6115591526031494 0.735609233379364 0.045374318957328796 0.0997699573636055
1.0 0.758272647857666 0.7626126408576965 0.04343905672430992 0.09783461689949036
1.0 0.3981459140777588 0.5990273356437683 0.050152093172073364 0.11628005653619766
1.0 0.4057416021823883 0.5109485983848572 0.056903570890426636 0.1443631500005722
1.0 0.14709149301052094 0.45480597019195557 0.05165298655629158 0.11671438813209534
1.0 0.5067567229270935 0.5328608155250549 0.05145503953099251 0.1207827553153038
1.0 0.6526198387145996 0.7792103290557861 0.041938163340091705 0.09740028530359268
