0.0 0.5546669363975525 0.41971471905708313 0.06456923484802246 0.323634535074234
0.0 0.46989327669143677 0.5732666850090027 0.030450869351625443 0.08697415143251419
1.0 0.5812170505523682 0.6075823307037354 0.0390176959335804 0.14062514901161194
1.0 0.6379212141036987 0.7458281517028809 0.032790083438158035 0.10479000955820084
1.0 0.7941010594367981 0.7505753636360168 0.031037498265504837 0.10303742438554764
1.0 0.39604106545448303 0.6376376748085022 0.035129301249980927 0.12260587513446808
1.0 0.39002302289009094 0.545444667339325 0.037648316472768784 0.15338653326034546
1.0 0.11414772272109985 0.5281332731246948 0.036678511649370193 0.1228092834353447
1.0 0.49783337116241455 0.552508533000946 0.035739533603191376 0.12725350260734558
1.0 0.6873005628585815 0.7838298678398132 0.029488319531083107 0.10283402353525162
