1.0 0.008687344379723072 0.4119909107685089 0.017374688759446144 0.13769301772117615
1.0 0.5000755786895752 0.5049404501914978 0.07625170797109604 0.19437715411186218
1.0 0.7044290900230408 0.5868109464645386 0.07334790378808975 0.18943671882152557
1.0 0.8674649596214294 0.5843172669410706 0.05355001240968704 0.12686924636363983
1.0 0.6748384237289429 0.7683745622634888 0.06674860417842865 0.16858088970184326
1.0 0.7822803258895874 0.620458722114563 0.04498966038227081 0.1040523573756218
1.0 0.46812790632247925 0.3547092080116272 0.05700080469250679 0.12930171191692352
1.0 0.3146688938140869 0.2725544571876526 0.03509070351719856 0.07276862859725952
1.0 0.024329204112291336 0.4218898415565491 0.04865840822458267 0.13769301772117615
1.0 0.690557599067688 0.5037565231323242 0.059677932411432266 0.1462353765964508
0.0 0.8526128530502319 0.5017719864845276 0.09369270503520966 0.24949613213539124
0.0 0.7593789100646973 0.6255035996437073 0.04844040423631668 0.10648483037948608
0.0 0.18383252620697021 0.3286665380001068 0.04372664541006088 0.09158780425786972
0.0 0.6431460976600647 0.311757892370224 0.03948421776294708 0.07818050682544708
