0.0 0.5729027390480042 0.5001774430274963 0.052459716796875 0.28708139061927795
0.0 0.5035988688468933 0.6888501048088074 0.05430459976196289 0.2609872817993164
0.0 0.35762155055999756 0.8622291088104248 0.028250306844711304 0.1287326216697693
0.0 0.1610625833272934 0.6851142644882202 0.05489736795425415 0.3029941916465759
0.0 0.8712714910507202 0.06886403262615204 0.027409076690673828 0.13772806525230408
0.0 0.6570109724998474 0.19759094715118408 0.04551994800567627 0.1703081578016281
1.0 0.016720697283744812 0.5712929964065552 0.033441394567489624 0.21516907215118408
1.0 0.2640182375907898 0.7847782373428345 0.0380527526140213 0.22252023220062256
1.0 0.7667155265808105 0.2852241098880768 0.03157073259353638 0.25515037775039673
1.0 0.9658862352371216 0.32303011417388916 0.039915263652801514 0.2876676917076111
0.0 0.9241945743560791 0.17700688540935516 0.028673291206359863 0.195241779088974
1.0 0.11079972982406616 0.7688494920730591 0.0407964289188385 0.24096029996871948
