1.0 0.47890156507492065 0.5247507095336914 0.07681868970394135 0.20822009444236755
1.0 0.6987498998641968 0.6079446077346802 0.07400031387805939 0.20328231155872345
1.0 0.8725412487983704 0.6011029481887817 0.05421493574976921 0.1358109414577484
1.0 0.671218752861023 0.8017799258232117 0.06740519404411316 0.18079185485839844
1.0 0.782325267791748 0.6422221660614014 0.045680686831474304 0.11138144135475159
1.0 0.4409451186656952 0.36544543504714966 0.05840295925736427 0.13840945065021515
1.0 0.2759420573711395 0.28123730421066284 0.03578805550932884 0.07764577120542526
1.0 0.681659996509552 0.5190759897232056 0.06037037819623947 0.1568019986152649
0.0 0.8550117015838623 0.5137336850166321 0.09418585151433945 0.2674449384212494
0.0 0.7578167915344238 0.6480615735054016 0.04911915212869644 0.11376015096902847
0.0 0.13781943917274475 0.3441307842731476 0.04450253024697304 0.09801680594682693
0.0 0.6272671818733215 0.3158718943595886 0.040325649082660675 0.08377287536859512
