1.0 0.4867187440395355 0.5296875238418579 0.01796877384185791 0.21171876788139343
1.0 0.7210937738418579 0.547656238079071 0.01640629768371582 0.20703125
1.0 0.885937511920929 0.4921875 0.01640629768371582 0.13671875
1.0 0.749218761920929 0.741406261920929 0.01640629768371582 0.18359375
1.0 0.8109375238418579 0.5570312738418579 0.01484370231628418 0.11171877384185791
1.0 0.40546876192092896 0.38749998807907104 0.020312488079071045 0.1382812261581421
1.0 0.22343750298023224 0.3531250059604645 0.014843761920928955 0.07656252384185791
1.0 0.6796875 0.4671874940395355 0.01640629768371582 0.15859371423721313
0.0 0.844531238079071 0.41328126192092896 0.01796877384185791 0.2734375
0.0 0.7890625 0.569531261920929 0.01796877384185791 0.11328125
0.0 0.10859374701976776 0.45234376192092896 0.017968744039535522 0.09687498211860657
0.0 0.5703125 0.2874999940395355 0.01796877384185791 0.08203125
