0.0 0.34882307052612305 0.26331689953804016 0.1203693076968193 0.29567426443099976
0.0 0.7091267108917236 0.7353809475898743 0.08725981414318085 0.18352960050106049
0.0 0.8964621424674988 0.5173846483230591 0.07294906675815582 0.14403370022773743
0.0 0.9958192110061646 0.34168168902397156 0.008361591026186943 0.1097593754529953
0.0 0.5268460512161255 0.5905173420906067 0.08668820559978485 0.18175974488258362
0.0 0.1127873882651329 0.5994597673416138 0.10311649739742279 0.2663244307041168
0.0 0.21839043498039246 0.39415425062179565 0.06829216331243515 0.14887040853500366
1.0 0.3980924189090729 0.3036590814590454 0.08486803621053696 0.20019406080245972
1.0 0.41205939650535583 0.5720116496086121 0.08025320619344711 0.19553323090076447
1.0 0.434569776058197 0.7248833179473877 0.0813964232802391 0.19907285273075104
1.0 0.5580565333366394 0.7520620226860046 0.08086700737476349 0.18780554831027985
1.0 0.6234132051467896 0.8464594483375549 0.04483618587255478 0.081058070063591
1.0 0.13230934739112854 0.3223792314529419 0.12657244503498077 0.3341367542743683
1.0 0.24959301948547363 0.392505407333374 0.0722300186753273 0.17550502717494965
1.0 0.12762336432933807 0.14399418234825134 0.09166380017995834 0.2356775999069214
