1.0 0.05156249925494194 0.6109374761581421 0.024218745529651642 0.30546876788139343
1.0 0.46171873807907104 0.659375011920929 0.03125 0.33515629172325134
1.0 0.5093749761581421 0.8531249761581421 0.03281247615814209 0.2828124761581421
1.0 0.8617187738418579 0.682812511920929 0.02578127384185791 0.16875004768371582
1.0 0.75 0.46015626192092896 0.02265620231628418 0.20000001788139343
1.0 0.9398437738418579 0.84375 0.02421879768371582 0.1976562738418579
1.0 0.39140623807907104 0.5335937738418579 0.022656261920928955 0.2085937261581421
0.0 0.10468749701976776 0.5531250238418579 0.02265624701976776 0.1351562738418579
0.0 0.20000000298023224 0.234375 0.021093755960464478 0.08828125894069672
0.0 0.3203125 0.4007812440395355 0.02109372615814209 0.16484373807907104
0.0 0.5804687738418579 0.542187511920929 0.02109372615814209 0.1875
0.0 0.6507812738418579 0.44843751192092896 0.02968752384185791 0.09687501192092896
0.0 0.680468738079071 0.34296876192092896 0.03125 0.19999998807907104
1.0 0.793749988079071 0.5414062738418579 0.02578127384185791 0.1421874761581421
