0.0 0.5876007080078125 0.41287708282470703 0.05071798712015152 0.33835911750793457
0.0 0.5064327120780945 0.5773090720176697 0.027262164279818535 0.0903853252530098
1.0 0.6247107982635498 0.6078105568885803 0.03324886038899422 0.14658381044864655
1.0 0.6920127272605896 0.7479197978973389 0.02873852290213108 0.10907718539237976
1.0 0.8545211553573608 0.7442981004714966 0.02699623443186283 0.10661765187978745
1.0 0.4333638846874237 0.6491223573684692 0.030214814469218254 0.12776891887187958
1.0 0.42217689752578735 0.5526294708251953 0.03117929957807064 0.15957774221897125
1.0 0.133252814412117 0.5494011044502258 0.031772468239068985 0.12789194285869598
1.0 0.5348812341690063 0.5544781684875488 0.03058396652340889 0.1324419230222702
1.0 0.7454429268836975 0.7858383655548096 0.02543860860168934 0.10649462044239044
