0.0 0.5582932829856873 0.48490074276924133 0.0736161395907402 0.242976114153862
0.0 0.47144952416419983 0.6347774863243103 0.07345323264598846 0.23161043226718903
0.0 0.3134094178676605 0.7694229483604431 0.03729618713259697 0.11966978013515472
0.0 0.16704054176807404 0.5891231298446655 0.07133043557405472 0.27363988757133484
0.0 0.8504466414451599 0.17970611155033112 0.03706841170787811 0.11812392622232437
0.0 0.6673734784126282 0.2538045048713684 0.05403172969818115 0.1357462853193283
1.0 0.053661543875932693 0.4689636528491974 0.04943584278225899 0.191777303814888
1.0 0.24227912724018097 0.6894469261169434 0.05269032344222069 0.20359861850738525
1.0 0.7442313432693481 0.33778348565101624 0.05400828272104263 0.2022806704044342
1.0 0.8962318897247314 0.39414241909980774 0.0598582923412323 0.22658231854438782
0.0 0.8789694309234619 0.2755138874053955 0.04173881933093071 0.14981286227703094
1.0 0.10420668125152588 0.6564623117446899 0.05387842655181885 0.22192047536373138
