0.0 0.5722302198410034 0.38969266414642334 0.035740673542022705 0.3360271155834198
0.0 0.5131717324256897 0.5604469776153564 0.022998452186584473 0.09001880884170532
1.0 0.6307902336120605 0.5793358683586121 0.02749180793762207 0.14718401432037354
1.0 0.7122257351875305 0.7152588367462158 0.024886727333068848 0.11061066389083862
1.0 0.8696606755256653 0.6958671808242798 0.023935317993164062 0.10857313871383667
1.0 0.4501791000366211 0.6395955681800842 0.024022459983825684 0.12899255752563477
1.0 0.4289417266845703 0.5439896583557129 0.023123592138290405 0.16047590970993042
1.0 0.1490391045808792 0.5684695243835449 0.023741066455841064 0.12822675704956055
1.0 0.537934422492981 0.5342957973480225 0.024623632431030273 0.1327783465385437
1.0 0.7688358426094055 0.7484622001647949 0.021804451942443848 0.10914063453674316
