0.0 0.534009575843811 0.4295244812965393 0.0821400061249733 0.26522570848464966
0.0 0.5044795274734497 0.6142029762268066 0.08147389441728592 0.2527482509613037
0.0 0.40580952167510986 0.8054463267326355 0.041541073471307755 0.13093028962612152
0.0 0.21497145295143127 0.6643591523170471 0.0819094330072403 0.2987331748008728
0.0 0.6974926590919495 0.04093083739280701 0.04121936112642288 0.08186167478561401
0.0 0.5572916269302368 0.15386638045310974 0.05838342010974884 0.1480284035205841
1.0 0.0742236077785492 0.5755064487457275 0.05695747584104538 0.2095760554075241
1.0 0.3157268464565277 0.744296669960022 0.06079450622200966 0.22261309623718262
1.0 0.6534059047698975 0.21677038073539734 0.06205829977989197 0.22107046842575073
1.0 0.8088725209236145 0.22691643238067627 0.06814683228731155 0.24686475098133087
0.0 0.7544983625411987 0.10872524231672287 0.04733070731163025 0.16373459994792938
1.0 0.18029630184173584 0.7550444602966309 0.06274715065956116 0.24238033592700958
1.0 0.005075837019830942 0.4406224191188812 0.010151674039661884 0.15307968854904175
