0.0 0.3127547800540924 0.34517359733581543 0.03429049253463745 0.2918739318847656
0.0 0.8143081665039062 0.6862291097640991 0.041569411754608154 0.18462538719177246
0.0 0.9155709743499756 0.4234073758125305 0.03826254606246948 0.139695405960083
0.0 0.9735909700393677 0.22254596650600433 0.04014939069747925 0.10101476311683655
0.0 0.5892757177352905 0.6003574132919312 0.0390048623085022 0.18046456575393677
0.0 0.19774815440177917 0.7298780679702759 0.02358846366405487 0.27472734451293945
0.0 0.23206184804439545 0.5036839246749878 0.025685518980026245 0.1464209258556366
1.0 0.3719099760055542 0.36779671907424927 0.02777731418609619 0.19709566235542297
1.0 0.47364893555641174 0.6161655187606812 0.02546149492263794 0.19873076677322388
1.0 0.5468847751617432 0.7566022276878357 0.026538074016571045 0.20557153224945068
1.0 0.6749142408370972 0.7467106580734253 0.031184732913970947 0.1926901936531067
1.0 0.7711585164070129 0.819109320640564 0.025785326957702637 0.08030122518539429
1.0 0.1285111904144287 0.4624345898628235 0.024735018610954285 0.3360949456691742
1.0 0.26093268394470215 0.49326467514038086 0.020924091339111328 0.17545822262763977
1.0 0.06887731701135635 0.2981441617012024 0.019304070621728897 0.2320566624403
