0.0 0.5587560534477234 0.408153772354126 0.019538024440407753 0.29406023025512695
0.0 0.5040313005447388 0.5565502643585205 0.016368044540286064 0.07760042697191238
1.0 0.6009314656257629 0.5749181509017944 0.017631862312555313 0.12661033868789673
1.0 0.6638652682304382 0.6919898986816406 0.016369851306080818 0.09393705427646637
1.0 0.7941098809242249 0.6776809692382812 0.015111131593585014 0.09189482033252716
1.0 0.44992679357528687 0.6239445209503174 0.016371609643101692 0.1102735698223114
1.0 0.4348165988922119 0.5409020185470581 0.015116297639906406 0.13818176090717316
1.0 0.20264047384262085 0.5579449534416199 0.01763003133237362 0.11027371138334274
1.0 0.5254219770431519 0.5347657799720764 0.016372108832001686 0.11435775458812714
1.0 0.7091715335845947 0.7212545275688171 0.013852733187377453 0.09189468622207642
1.0 0.9958381652832031 0.6776583194732666 0.008323635905981064 0.09189482033252716
