0.0 0.6167458295822144 0.41952067613601685 0.03245687484741211 0.38968732953071594
0.0 0.540033221244812 0.6164754629135132 0.025029122829437256 0.10062551498413086
1.0 0.679859459400177 0.6389620304107666 0.026535868644714355 0.16390687227249146
1.0 0.7709735631942749 0.7887430191040039 0.02365356683731079 0.11968272924423218
1.0 0.9582183361053467 0.7694392204284668 0.022786974906921387 0.11757797002792358
1.0 0.46386271715164185 0.7036513090133667 0.02609303593635559 0.14137601852416992
1.0 0.44008779525756836 0.596660315990448 0.02535596489906311 0.17923390865325928
1.0 0.10842686146497726 0.6213887929916382 0.03064848482608795 0.14217233657836914
1.0 0.5704489946365356 0.5878182649612427 0.025536060333251953 0.1487392783164978
1.0 0.8359313011169434 0.8255857825279236 0.020040810108184814 0.11664998531341553
