0.0 0.54987633228302 0.398185670375824 0.12495774030685425 0.34486010670661926
0.0 0.5265246629714966 0.5898234248161316 0.04797603189945221 0.09540262818336487
1.0 0.6623461842536926 0.572891116142273 0.06613650172948837 0.15209785103797913
1.0 0.785891056060791 0.6824699640274048 0.05346831679344177 0.11413654685020447
1.0 0.9553453326225281 0.6149894595146179 0.05109800398349762 0.11130115389823914
1.0 0.4767823815345764 0.6883255839347839 0.058960504829883575 0.13287031650543213
1.0 0.4286592900753021 0.5990185737609863 0.06665949523448944 0.16438041627407074
1.0 0.1237429603934288 0.7096036076545715 0.060644183307886124 0.13336393237113953
1.0 0.5478240847587585 0.5564535856246948 0.060333650559186935 0.1375538408756256
1.0 0.8563435077667236 0.6982648968696594 0.04941435530781746 0.11080755293369293
