0.0 0.5804687738418579 0.40625 0.02421879768371582 0.3374999761581421
0.0 0.512499988079071 0.5765625238418579 0.02031254768371582 0.08906245231628418
1.0 0.6328125 0.59765625 0.02187502384185791 0.14531254768371582
1.0 0.7109375 0.7320312261581421 0.02031254768371582 0.10781252384185791
1.0 0.8726562261581421 0.715624988079071 0.01874995231628418 0.10546875
1.0 0.4453125 0.6539062261581421 0.020312488079071045 0.1265624761581421
1.0 0.42656248807907104 0.55859375 0.018750011920928955 0.1585937738418579
1.0 0.13828125596046448 0.578125 0.021874994039535522 0.1265624761581421
1.0 0.5390625 0.551562488079071 0.02031254768371582 0.1312500238418579
1.0 0.7671874761581421 0.765625 0.01718747615814209 0.10546875
