1.0 0.4908660352230072 0.5312139987945557 0.046505171805620193 0.21220017969608307
1.0 0.7255132794380188 0.5172430276870728 0.04432164505124092 0.20734411478042603
1.0 0.8813154101371765 0.43993884325027466 0.034789521247148514 0.13768073916435242
1.0 0.7796449661254883 0.705391526222229 0.041144270449876785 0.1841229945421219
1.0 0.8157985806465149 0.5143516063690186 0.029852155596017838 0.1126997247338295
1.0 0.39109006524086 0.40135398507118225 0.03887147083878517 0.13975834846496582
1.0 0.2060791701078415 0.39197397232055664 0.02508615143597126 0.07786804437637329
1.0 0.6735802888870239 0.4431305527687073 0.03775506466627121 0.15935374796390533
0.0 0.8295942544937134 0.367374449968338 0.05487225577235222 0.2733491361141205
0.0 0.7958201169967651 0.5297017097473145 0.03316019847989082 0.11467143148183823
0.0 0.10574652999639511 0.505845844745636 0.030936002731323242 0.09841662645339966
0.0 0.5408551692962646 0.27992966771125793 0.028923697769641876 0.08370993286371231
