0.0 0.5551978349685669 0.4882325530052185 0.048819005489349365 0.23704567551612854
0.0 0.49245840311050415 0.6455305814743042 0.05063831806182861 0.22070366144180298
0.0 0.35519856214523315 0.7947328090667725 0.02623128890991211 0.11213481426239014
0.0 0.1676570177078247 0.6423933506011963 0.04888887703418732 0.26296454668045044
0.0 0.8106917142868042 0.14221414923667908 0.023828089237213135 0.1205878034234047
0.0 0.6281256079673767 0.2444150447845459 0.04193127155303955 0.1345314383506775
1.0 0.025176526978611946 0.5427775979042053 0.035684388130903244 0.18694984912872314
1.0 0.26633501052856445 0.7278861999511719 0.03468070924282074 0.19383305311203003
1.0 0.7247358560562134 0.31738418340682983 0.03137296438217163 0.2032018005847931
1.0 0.8963635563850403 0.3521905839443207 0.031084060668945312 0.22617845237255096
0.0 0.857824444770813 0.2360249161720276 0.023690760135650635 0.15193097293376923
1.0 0.11710147559642792 0.71552574634552 0.035943008959293365 0.2118334174156189
