0.0 0.5772214531898499 0.3808967173099518 0.02971625328063965 0.32335513830184937
0.0 0.5074756741523743 0.5438822507858276 0.022262215614318848 0.08647316694259644
1.0 0.6255691647529602 0.564397931098938 0.024166226387023926 0.14047279953956604
1.0 0.6992959380149841 0.6952307224273682 0.021457910537719727 0.10478246212005615
1.0 0.8558207750320435 0.6789064407348633 0.018715083599090576 0.10193896293640137
1.0 0.4384073317050934 0.6189440488815308 0.023706257343292236 0.12429094314575195
1.0 0.42197394371032715 0.526084303855896 0.022867977619171143 0.15518313646316528
1.0 0.12700249254703522 0.5437299013137817 0.02792537212371826 0.12595322728157043
1.0 0.5341930985450745 0.5192468166351318 0.022959351539611816 0.12755271792411804
1.0 0.7535920143127441 0.7273147106170654 0.01777958869934082 0.10306090116500854
