0.0 0.30473318696022034 0.34628838300704956 0.031162559986114502 0.2783373296260834
0.0 0.7437875270843506 0.6517535448074341 0.029984772205352783 0.16082745790481567
0.0 0.8440183401107788 0.41542184352874756 0.028965413570404053 0.12739363312721252
0.0 0.9063921570777893 0.22814013063907623 0.03226196765899658 0.09573504328727722
0.0 0.5510718822479248 0.5801323652267456 0.0297391414642334 0.16136032342910767
0.0 0.20086170732975006 0.7030389904975891 0.023468703031539917 0.24409258365631104
0.0 0.23066486418247223 0.49800488352775574 0.02437111735343933 0.13559561967849731
1.0 0.3593398332595825 0.36845946311950684 0.02406039834022522 0.18650519847869873
1.0 0.4484265446662903 0.5962903499603271 0.019483089447021484 0.17823737859725952
1.0 0.5102755427360535 0.7189896702766418 0.018715977668762207 0.17891442775726318
1.0 0.6216565370559692 0.7074671983718872 0.021048128604888916 0.16704732179641724
1.0 0.7014950513839722 0.7680941224098206 0.01948314905166626 0.0682833194732666
1.0 0.13428917527198792 0.45872965455055237 0.028041861951351166 0.31581372022628784
1.0 0.25713998079299927 0.4876924455165863 0.019657760858535767 0.1627386212348938
1.0 0.07526165246963501 0.3033748269081116 0.023296333849430084 0.22599872946739197
