0.0 0.5345582962036133 0.4747660160064697 0.06547637283802032 0.2746007740497589
0.0 0.4562813937664032 0.649937093257904 0.06542643904685974 0.261533260345459
0.0 0.31267186999320984 0.8125031590461731 0.0332024060189724 0.1351749747991562
0.0 0.17710688710212708 0.6180648803710938 0.06310833990573883 0.31004077196121216
0.0 0.7995625734329224 0.11057566851377487 0.033006779849529266 0.13341160118579865
0.0 0.6325182914733887 0.2062804400920868 0.0484309121966362 0.1525391936302185
1.0 0.07226048409938812 0.4895111918449402 0.04371880739927292 0.2173261046409607
1.0 0.24685609340667725 0.7266587018966675 0.046603973954916 0.23070821166038513
1.0 0.7036132216453552 0.2962808310985565 0.04782591015100479 0.2291022539138794
1.0 0.8432952761650085 0.3501591682434082 0.0529852919280529 0.2566694915294647
0.0 0.8264895081520081 0.21709506213665009 0.0370180681347847 0.16955946385860443
1.0 0.12012629956007004 0.6983153820037842 0.04753442108631134 0.2517106831073761
