0.0 0.6107112169265747 0.45074552297592163 0.0384945273399353 0.3740305006504059
0.0 0.5292760133743286 0.6412134766578674 0.024582862854003906 0.09516072273254395
1.0 0.6623059511184692 0.6586227416992188 0.029737472534179688 0.15367192029953003
1.0 0.7420141100883484 0.794853150844574 0.027104735374450684 0.1103278398513794
1.0 0.9176571369171143 0.7718350887298584 0.02744472026824951 0.10796719789505005
1.0 0.4533122777938843 0.7247457504272461 0.02403011918067932 0.1325560212135315
1.0 0.4334518313407898 0.6246809959411621 0.02257862687110901 0.1698809266090393
1.0 0.10790024697780609 0.65650874376297 0.02885471284389496 0.13597238063812256
1.0 0.5595539808273315 0.613356351852417 0.026046931743621826 0.14067888259887695
1.0 0.801030695438385 0.8265928626060486 0.024215340614318848 0.10683834552764893
