0.0 0.516406238079071 0.45781248807907104 0.04218748211860657 0.2578125
0.0 0.4476562440395355 0.632031261920929 0.043749988079071045 0.24531245231628418
0.0 0.30000001192092896 0.800000011920929 0.02187502384185791 0.1273437738418579
0.0 0.11562500149011612 0.6312500238418579 0.03437499701976776 0.29296875
0.0 0.7789062261581421 0.08749999850988388 0.02187502384185791 0.12578125298023224
0.0 0.5960937738418579 0.1953125 0.03828120231628418 0.14218749105930328
1.0 0.21171875298023224 0.725781261920929 0.025781244039535522 0.21796870231628418
1.0 0.690625011920929 0.27265626192092896 0.02734375 0.21640624105930328
1.0 0.8617187738418579 0.30937498807907104 0.02890622615814209 0.2421875
0.0 0.82421875 0.18515625596046448 0.02187502384185791 0.16015625
1.0 0.05937500298023224 0.7124999761581421 0.0234375037252903 0.23828125
