0.0 0.0013860424514859915 0.612480103969574 0.002772084902971983 0.08007698506116867
1.0 0.5114568471908569 0.5450836420059204 0.05723650008440018 0.17041833698749542
1.0 0.7160621881484985 0.508730947971344 0.05497019365429878 0.16639435291290283
1.0 0.8465143442153931 0.42958709597587585 0.04108090326189995 0.11108333617448807
1.0 0.7784615755081177 0.655085027217865 0.050340428948402405 0.14795733988285065
1.0 0.7949854731559753 0.49675220251083374 0.034802038222551346 0.09108061343431473
1.0 0.41367024183273315 0.45073479413986206 0.044740427285432816 0.11315389722585678
1.0 0.2507265508174896 0.4629059433937073 0.027857445180416107 0.06342511624097824
1.0 0.6646467447280884 0.454350084066391 0.045402009040117264 0.12829117476940155
0.0 0.7954075932502747 0.3764353394508362 0.0694282054901123 0.21896910667419434
0.0 0.778689444065094 0.5112974643707275 0.03779149055480957 0.09298291057348251
0.0 0.17180851101875305 0.5656948685646057 0.03455062583088875 0.08007698506116867
0.0 0.535325825214386 0.33656060695648193 0.031618472188711166 0.06840024143457413
1.0 0.8806250095367432 0.9939748048782349 0.050340428948402405 0.01205042190849781
