0.0 0.901248037815094 0.003214102005586028 0.03718266636133194 0.006428204011172056
0.0 0.5715580582618713 0.49612054228782654 0.0738830640912056 0.23613670468330383
0.0 0.4849628210067749 0.6408873200416565 0.07366789132356644 0.22512520849704742
0.0 0.3280060589313507 0.7701419591903687 0.03741505369544029 0.11631210148334503
0.0 0.18403410911560059 0.5934808254241943 0.07177139818668365 0.26581642031669617
0.0 0.8619658350944519 0.20248442888259888 0.03718266636133194 0.11481227725744247
0.0 0.6805217266082764 0.27265509963035583 0.054024405777454376 0.1320600062608719
1.0 0.07242268323898315 0.47558802366256714 0.04975162073969841 0.18628853559494019
1.0 0.25800567865371704 0.6917179226875305 0.05302305519580841 0.19777366518974304
1.0 0.756169855594635 0.3550260663032532 0.05431874468922615 0.19651076197624207
1.0 0.9062792658805847 0.4113101065158844 0.06021379306912422 0.22011256217956543
0.0 0.8897443413734436 0.29586610198020935 0.04194766655564308 0.1455577313899994
1.0 0.12156789004802704 0.6582859754562378 0.05428418144583702 0.21553422510623932
