0.0 0.6022448539733887 0.43906232714653015 0.13730007410049438 0.36505135893821716
0.0 0.4735740125179291 0.5965976119041443 0.05106189474463463 0.10096482932567596
1.0 0.5947689414024353 0.6589394211769104 0.07130984216928482 0.16098368167877197
1.0 0.633598268032074 0.8270689845085144 0.057256411761045456 0.12079787254333496
1.0 0.811290442943573 0.8635213971138 0.054817527532577515 0.1177988275885582
1.0 0.3764498233795166 0.6560542583465576 0.06345082074403763 0.14063076674938202
1.0 0.3879649043083191 0.5489982962608337 0.07236865907907486 0.17399227619171143
1.0 0.07441879063844681 0.47374215722084045 0.0651152953505516 0.14115063846111298
1.0 0.5101292729377747 0.5789913535118103 0.0649995282292366 0.14558908343315125
1.0 0.6824204921722412 0.8813183307647705 0.053153086453676224 0.11727897077798843
