0.0 0.5100499987602234 0.35753363370895386 0.12102877348661423 0.33048397302627563
0.0 0.5068051815032959 0.538493275642395 0.04328974336385727 0.09039938449859619
1.0 0.6104131937026978 0.5276140570640564 0.06161833181977272 0.14490251243114471
1.0 0.7138721346855164 0.6373432278633118 0.04893851652741432 0.10842276364564896
1.0 0.8403034806251526 0.5806231498718262 0.04704277589917183 0.10635098069906235
1.0 0.47531652450561523 0.6293365359306335 0.05458733066916466 0.12644603848457336
1.0 0.4316115975379944 0.5431661009788513 0.06296205520629883 0.1571439504623413
1.0 0.20392385125160217 0.6352202892303467 0.055969517678022385 0.1268792301416397
1.0 0.5205265283584595 0.5072013735771179 0.05612783879041672 0.13136142492294312
1.0 0.7694987058639526 0.6549978256225586 0.045660585165023804 0.1059177815914154
