0.0 0.5668960809707642 0.40522685647010803 0.06451336294412613 0.3094229996204376
0.0 0.4841311275959015 0.5514227747917175 0.029822584241628647 0.08306378871202469
1.0 0.5906288027763367 0.5852488875389099 0.03851162642240524 0.13434579968452454
1.0 0.6439409255981445 0.7173433899879456 0.032203078269958496 0.10008572787046432
1.0 0.7930037379264832 0.7232016324996948 0.030439237132668495 0.09832178801298141
1.0 0.4132687747478485 0.6125093698501587 0.034583643078804016 0.1171075627207756
1.0 0.4082576632499695 0.5242459177970886 0.03714795410633087 0.1462925225496292
1.0 0.1442514806985855 0.5054681897163391 0.036131057888269424 0.11732397228479385
1.0 0.511362612247467 0.5315654873847961 0.03523280844092369 0.12174983322620392
1.0 0.6907864809036255 0.7546600103378296 0.02889181859791279 0.09810537844896317
