0.0 0.9550564885139465 0.013715202920138836 0.05009012669324875 0.027430405840277672
0.0 0.5596708655357361 0.4919077455997467 0.10051367431879044 0.24170249700546265
0.0 0.455695241689682 0.6304499506950378 0.09895249456167221 0.2308019995689392
0.0 0.2828269898891449 0.7454397082328796 0.05049930140376091 0.11917096376419067
0.0 0.15883135795593262 0.5490804314613342 0.10211677104234695 0.2707742750644684
0.0 0.885899007320404 0.22344444692134857 0.05009012669324875 0.1176629588007927
0.0 0.6953413486480713 0.2753494679927826 0.06850787997245789 0.1366301327943802
1.0 0.06047417223453522 0.41634401679039 0.07103579491376877 0.18970033526420593
1.0 0.22166448831558228 0.6576055884361267 0.0756128653883934 0.20141923427581787
1.0 0.7617172598838806 0.3678364157676697 0.07671160250902176 0.2003205269575119
1.0 0.905977189540863 0.4417929947376251 0.08531640470027924 0.22430774569511414
0.0 0.9028794765472412 0.3219550549983978 0.058479055762290955 0.14857618510723114
1.0 0.08846767246723175 0.6085078120231628 0.07901550829410553 0.21910563111305237
