0.0 0.6233744621276855 0.544377326965332 0.0509759783744812 0.2698141932487488
0.0 0.5500773191452026 0.7235604524612427 0.04948991537094116 0.2474651336669922
0.0 0.40491294860839844 0.8935408592224121 0.022586315870285034 0.12395697832107544
0.0 0.2283293902873993 0.7280604839324951 0.034560248255729675 0.29501616954803467
0.0 0.9066737294197083 0.13890527188777924 0.03118133544921875 0.141934335231781
0.0 0.7144302725791931 0.2626285254955292 0.04558098316192627 0.15699785947799683
1.0 0.09162981808185577 0.6198112964630127 0.026919133961200714 0.21187752485275269
1.0 0.3215233087539673 0.8214439153671265 0.025705456733703613 0.2155812382698059
1.0 0.8055583834648132 0.3446499705314636 0.039986610412597656 0.23500199615955353
1.0 0.9741104245185852 0.38054877519607544 0.047463417053222656 0.2605186998844147
0.0 0.9458165168762207 0.24742043018341064 0.03393906354904175 0.17706997692584991
1.0 0.17457078397274017 0.8114614486694336 0.024915874004364014 0.23593640327453613
1.0 0.018314406275749207 0.469590961933136 0.027480697259306908 0.15868470072746277
