0.0 0.5636635422706604 0.4740312695503235 0.04483377933502197 0.24955764412879944
0.0 0.5007352232933044 0.6427434682846069 0.04588809609413147 0.23996597528457642
0.0 0.3618202805519104 0.8084901571273804 0.022469907999038696 0.1252841353416443
0.0 0.18441255390644073 0.6450808644294739 0.03438529372215271 0.28481757640838623
0.0 0.8055036067962646 0.11646422743797302 0.024002552032470703 0.11854202300310135
0.0 0.6344216465950012 0.2208763062953949 0.03875565528869629 0.1353234052658081
1.0 0.05168093368411064 0.5394237041473389 0.022432751953601837 0.1979416012763977
1.0 0.2764718532562256 0.7367057800292969 0.025998622179031372 0.21353906393051147
1.0 0.7263389825820923 0.29347848892211914 0.03073173761367798 0.20663686096668243
1.0 0.8901296854019165 0.3260394334793091 0.03525263071060181 0.2325213998556137
0.0 0.8512619137763977 0.20827482640743256 0.025260329246520996 0.15211978554725647
1.0 0.13110658526420593 0.7248303890228271 0.02329479157924652 0.23270875215530396
