0.0 0.5419870615005493 0.39186063408851624 0.05428406968712807 0.30996009707450867
0.0 0.49703991413116455 0.5537341237068176 0.027189351618289948 0.08277107775211334
1.0 0.6085570454597473 0.560797393321991 0.034164976328611374 0.13421209156513214
1.0 0.6922359466552734 0.676075279712677 0.02899657003581524 0.09986339509487152
1.0 0.8382897973060608 0.6457058191299438 0.02727845124900341 0.09814516454935074
1.0 0.44305655360221863 0.6301465034484863 0.030803866684436798 0.11695559322834015
1.0 0.41684597730636597 0.5457156896591187 0.03237158805131912 0.14631421864032745
1.0 0.1561366766691208 0.5913506150245667 0.032357681542634964 0.11711988598108292
1.0 0.5186600089073181 0.5278800129890442 0.031296685338020325 0.12161706387996674
1.0 0.746716320514679 0.7009533643722534 0.025724636390805244 0.09798087179660797
