1.0 0.010329351760447025 0.14090372622013092 0.02065870352089405 0.19192565977573395
0.0 0.35852402448654175 0.28134384751319885 0.08830330520868301 0.24061796069145203
0.0 0.6833003163337708 0.6538525223731995 0.06577625125646591 0.14896667003631592
0.0 0.8306679129600525 0.4729419946670532 0.055526211857795715 0.11677035689353943
0.0 0.9298416376113892 0.32771581411361694 0.05052867904305458 0.08869244158267975
0.0 0.52335125207901 0.5413417220115662 0.06537783890962601 0.1475217491388321
0.0 0.17569777369499207 0.5589742064476013 0.07490146160125732 0.21689757704734802
0.0 0.2549476623535156 0.3903752267360687 0.05117913708090782 0.12091171741485596
1.0 0.4018123149871826 0.3127138018608093 0.06273268908262253 0.16281238198280334
1.0 0.42600032687187195 0.529268205165863 0.05896551534533501 0.1591036021709442
1.0 0.4520138204097748 0.6522664427757263 0.05976235121488571 0.1619933545589447
1.0 0.5570805668830872 0.6711316108703613 0.05994394049048424 0.15269838273525238
1.0 0.6163995265960693 0.7457894086837769 0.03455478325486183 0.06559784710407257
1.0 0.17925655841827393 0.33452361822128296 0.09152578562498093 0.2722114324569702
1.0 0.28110089898109436 0.3882584571838379 0.053097981959581375 0.14280074834823608
1.0 0.16704334318637848 0.1904553771018982 0.06664352118968964 0.19192565977573395
