1.0 0.4998618960380554 0.5341403484344482 0.09309791028499603 0.2266145944595337
1.0 0.730929434299469 0.47564172744750977 0.08992049098014832 0.22121351957321167
1.0 0.8690386414527893 0.36350390315055847 0.06472168117761612 0.1479204148054123
1.0 0.8273215293884277 0.6683375239372253 0.08152088522911072 0.19678248465061188
1.0 0.8203966617584229 0.45580974221229553 0.05426450073719025 0.12134577333927155
1.0 0.37103331089019775 0.41269809007644653 0.06902538239955902 0.1508362591266632
1.0 0.18425291776657104 0.43684712052345276 0.041665155440568924 0.08469924330711365
1.0 0.6624065637588501 0.4054056704044342 0.07256129384040833 0.17072267830371857
0.0 0.8010756969451904 0.29489657282829285 0.11521685868501663 0.29094964265823364
0.0 0.8039111495018005 0.47604766488075256 0.05781957134604454 0.12400422990322113
0.0 0.10974358022212982 0.5781140327453613 0.051939815282821655 0.10690248012542725
0.0 0.4931832551956177 0.25414127111434937 0.04662010073661804 0.09142951667308807
