0.0 0.5393276214599609 0.4370429515838623 0.10020729899406433 0.22253777086734772
0.0 0.5269453525543213 0.5971626043319702 0.09845113009214401 0.21255771815776825
0.0 0.44901466369628906 0.772759199142456 0.050385620445013046 0.11000888049602509
0.0 0.25442174077033997 0.6811005473136902 0.10305561125278473 0.24902980029582977
0.0 0.6602625250816345 0.06562205404043198 0.049921538680791855 0.10851684957742691
0.0 0.5379249453544617 0.20103073120117188 0.06752584129571915 0.1261211484670639
1.0 0.11220976710319519 0.626331627368927 0.07183054834604263 0.1746293008327484
1.0 0.35762733221054077 0.7340918183326721 0.07657071948051453 0.18553736805915833
1.0 0.635230302810669 0.24031201004981995 0.0775986909866333 0.18450938165187836
1.0 0.7847595810890198 0.2265341728925705 0.08558696508407593 0.20586149394512177
0.0 0.722619891166687 0.13458998501300812 0.058737944811582565 0.13686500489711761
1.0 0.2290504425764084 0.7626256346702576 0.08018290996551514 0.20148541033267975
1.0 0.022811325266957283 0.5250677466392517 0.045622650533914566 0.1283770203590393
