0.0 0.28187698125839233 0.35898762941360474 0.038683801889419556 0.26923272013664246
0.0 0.7440931797027588 0.6529770493507385 0.03317618370056152 0.15024840831756592
0.0 0.8536689281463623 0.42903631925582886 0.033395588397979736 0.12346282601356506
0.0 0.9249585866928101 0.24541428685188293 0.0373876690864563 0.09537243843078613
0.0 0.5427286624908447 0.5841684341430664 0.03152132034301758 0.15176981687545776
0.0 0.1831854283809662 0.6947401762008667 0.03067515790462494 0.22409647703170776
0.0 0.20835989713668823 0.5046404600143433 0.028806880116462708 0.1282365322113037
1.0 0.33976757526397705 0.3813110291957855 0.028515487909317017 0.1800699234008789
1.0 0.43599504232406616 0.5984374284744263 0.02207636833190918 0.16691350936889648
1.0 0.5010164976119995 0.7130138874053955 0.020355403423309326 0.1648358702659607
1.0 0.6163914203643799 0.7035831212997437 0.022202491760253906 0.15446454286575317
1.0 0.6988586187362671 0.760749340057373 0.020735502243041992 0.06260758638381958
1.0 0.10726900398731232 0.46556365489959717 0.039538562297821045 0.29962360858917236
1.0 0.2355474978685379 0.49491792917251587 0.024371474981307983 0.15417852997779846
1.0 0.04046659171581268 0.3172762393951416 0.03297518938779831 0.21886886656284332
