0.0 0.5917097926139832 0.40641990303993225 0.10290951281785965 0.346666544675827
0.0 0.4854417145252228 0.5633442401885986 0.04096156358718872 0.09428924322128296
1.0 0.5986573100090027 0.6115142107009888 0.055880945175886154 0.1515471488237381
1.0 0.6431260108947754 0.7653948068618774 0.04537658393383026 0.11324530839920044
1.0 0.8059892058372498 0.7860680818557739 0.04330100864171982 0.11113199591636658
1.0 0.40124884247779846 0.6254887580871582 0.049791671335697174 0.13220125436782837
1.0 0.40510833263397217 0.5255578756332397 0.05574337765574455 0.1645534336566925
1.0 0.11755072325468063 0.47947555780410767 0.05146585777401924 0.13259120285511017
1.0 0.5174124836921692 0.54353928565979 0.05099569633603096 0.1373710036277771
1.0 0.6905483603477478 0.8118666410446167 0.04162682220339775 0.11074206233024597
