0.0 0.6417208909988403 0.39544352889060974 0.03470331430435181 0.3549233078956604
0.0 0.5559805631637573 0.5744394063949585 0.026516258716583252 0.09484630823135376
1.0 0.703162670135498 0.5975029468536377 0.028819799423217773 0.15555310249328613
1.0 0.7983713150024414 0.7425997257232666 0.026239633560180664 0.11710566282272339
1.0 0.9943519830703735 0.7260088920593262 0.011296093463897705 0.1149323582649231
1.0 0.47231006622314453 0.6567623615264893 0.027667194604873657 0.13542157411575317
1.0 0.4516722857952118 0.5553258657455444 0.026492834091186523 0.16815856099128723
1.0 0.10371045768260956 0.5750923156738281 0.03093404322862625 0.13332706689834595
1.0 0.5888830423355103 0.5480285882949829 0.027153432369232178 0.1395443081855774
1.0 0.8682523965835571 0.7795900702476501 0.02212047576904297 0.11507868766784668
