0.0 0.5414432287216187 0.438414990901947 0.09331616759300232 0.22348178923130035
0.0 0.5236297845840454 0.5980217456817627 0.09193149209022522 0.21334649622440338
0.0 0.439780056476593 0.7708701491355896 0.04699844494462013 0.11044051498174667
0.0 0.24841253459453583 0.6726552248001099 0.09513697028160095 0.250460684299469
0.0 0.674923300743103 0.07131583243608475 0.04658530652523041 0.10893359035253525
0.0 0.5480572581291199 0.20249129831790924 0.06386522203683853 0.12621350586414337
1.0 0.10814277082681656 0.6130878329277039 0.06626775115728378 0.17565065622329712
1.0 0.3497587740421295 0.729121208190918 0.07066622376441956 0.1866120845079422
1.0 0.6439723372459412 0.24505481123924255 0.07176003605127335 0.18551824986934662
1.0 0.7938832640647888 0.23636353015899658 0.07905001938343048 0.20702801644802094
0.0 0.7349022626876831 0.14236187934875488 0.054433807730674744 0.13756483793258667
1.0 0.22028693556785583 0.7532715201377869 0.07370314747095108 0.20277495682239532
1.0 0.02152908965945244 0.508645236492157 0.04305817931890488 0.1289364993572235
