1.0 0.49329090118408203 0.5318233966827393 0.0622948557138443 0.21073581278324127
1.0 0.7261714935302734 0.4998679757118225 0.05977727845311165 0.20582398772239685
1.0 0.8755746483802795 0.41082340478897095 0.04492172971367836 0.1370987445116043
1.0 0.7945969104766846 0.6833020448684692 0.05482542887330055 0.1829155683517456
1.0 0.815967857837677 0.4900493025779724 0.03811243921518326 0.11233297735452652
1.0 0.3838338553905487 0.41001203656196594 0.049069859087467194 0.13945123553276062
1.0 0.1986490935087204 0.414872407913208 0.03068472445011139 0.07797036319971085
1.0 0.6686986088752747 0.4299640357494354 0.04954344779253006 0.15847989916801453
0.0 0.8184318542480469 0.3424466848373413 0.07533472776412964 0.2710613012313843
0.0 0.7972276210784912 0.5068888068199158 0.041497085243463516 0.11452043801546097
0.0 0.10736066102981567 0.5361154675483704 0.038030754774808884 0.09848452359437943
0.0 0.5238285064697266 0.27744147181510925 0.03489461913704872 0.0839758813381195
