0.0 0.6097130179405212 0.4501141607761383 0.08483422547578812 0.28763672709465027
0.0 0.5026957392692566 0.5766156911849976 0.038420986384153366 0.07914158701896667
1.0 0.6377080082893372 0.6222200393676758 0.049710601568222046 0.1265057921409607
1.0 0.7050186395645142 0.7526678442955017 0.04158433526754379 0.09480856359004974
1.0 0.8940475583076477 0.7765675783157349 0.03938917815685272 0.09248679131269455
1.0 0.4122632145881653 0.6256169676780701 0.04474759101867676 0.11047543585300446
1.0 0.4067479968070984 0.5416164398193359 0.04835202917456627 0.1368764340877533
1.0 0.07142233103513718 0.4908953309059143 0.04654721915721893 0.11083880066871643
1.0 0.537507176399231 0.5619035959243774 0.04553849995136261 0.11439221352338791
1.0 0.7641374468803406 0.7938188910484314 0.03758958354592323 0.09212343394756317
