1.0 0.0085275424644351 0.2931075692176819 0.0170550849288702 0.12971702218055725
0.0 0.5635735392570496 0.4616769552230835 0.07262156158685684 0.22475968301296234
0.0 0.48002541065216064 0.5988314151763916 0.07232849299907684 0.21423885226249695
0.0 0.33102625608444214 0.7201021313667297 0.03681904450058937 0.1109704077243805
0.0 0.19903501868247986 0.5502609610557556 0.07143640518188477 0.2529793977737427
0.0 0.8395915627479553 0.18528451025485992 0.036557067185640335 0.10943000018596649
0.0 0.6691980957984924 0.2506149113178253 0.052777886390686035 0.1256508231163025
1.0 0.09704121947288513 0.43703046441078186 0.049621954560279846 0.1774691492319107
1.0 0.2670559585094452 0.6442429423332214 0.052995797246694565 0.18851380050182343
1.0 0.738166868686676 0.32970133423805237 0.05427424982190132 0.18723532557487488
1.0 0.8777252435684204 0.38512954115867615 0.05948147922754288 0.20906269550323486
0.0 0.8639577031135559 0.27501359581947327 0.04153352975845337 0.13869741559028625
1.0 0.13949653506278992 0.6114590764045715 0.05433647707104683 0.20519615709781647
1.0 0.05791949853301048 0.30358433723449707 0.0415024571120739 0.12971702218055725
