0.0 0.5427867770195007 0.4393407702445984 0.08879934996366501 0.22395525872707367
0.0 0.5214696526527405 0.5985174179077148 0.0876559317111969 0.213725745677948
0.0 0.43384113907814026 0.7694811224937439 0.04477761313319206 0.11065192520618439
0.0 0.24467851221561432 0.6670838594436646 0.08995411545038223 0.2512326240539551
0.0 0.6843031048774719 0.07526402920484543 0.04439769685268402 0.10913628339767456
0.0 0.5545846223831177 0.20361942052841187 0.061457064002752304 0.12619565427303314
1.0 0.1057518720626831 0.6044478416442871 0.0626271665096283 0.17620359361171722
1.0 0.3447591960430145 0.7257636785507202 0.06680181622505188 0.18719281256198883
1.0 0.6495410203933716 0.24828076362609863 0.06793756037950516 0.18605704605579376
1.0 0.7996067404747009 0.242886483669281 0.07477118074893951 0.20765559375286102
0.0 0.7427060604095459 0.14761120080947876 0.05161501467227936 0.13793312013149261
1.0 0.21478784084320068 0.7470625638961792 0.06946460157632828 0.20348477363586426
1.0 0.020839814096689224 0.498012512922287 0.04167962819337845 0.12921927869319916
