0.0 0.3446999490261078 0.29851946234703064 0.07701285183429718 0.2527993619441986
0.0 0.6945132613182068 0.6634820103645325 0.05930628255009651 0.15562763810157776
0.0 0.8339799046516418 0.46546846628189087 0.05064025893807411 0.12167727947235107
0.0 0.9265442490577698 0.30781474709510803 0.047208622097969055 0.09175723791122437
0.0 0.5261387825012207 0.5574608445167542 0.05898183956742287 0.15409912168979645
0.0 0.1746033877134323 0.5994471907615662 0.06450417637825012 0.2282504439353943
0.0 0.24567927420139313 0.4188632369041443 0.04582422971725464 0.12649337947368622
1.0 0.3903191089630127 0.328169047832489 0.05523271486163139 0.17081837356090546
1.0 0.42676448822021484 0.5515419840812683 0.05152694135904312 0.1671125739812851
1.0 0.45991119742393494 0.6775774955749512 0.05217583850026131 0.17016951739788055
1.0 0.5674828290939331 0.6900282502174377 0.05296174809336662 0.1601191908121109
1.0 0.63173907995224 0.7635665535926819 0.03196738660335541 0.06808789819478989
1.0 0.1658574640750885 0.3659806251525879 0.07836098968982697 0.2866559326648712
1.0 0.27208101749420166 0.41488346457481384 0.04642977938055992 0.1499752253293991
1.0 0.1455438733100891 0.21711216866970062 0.05746041610836983 0.20194245874881744
