0.0 0.26273176074028015 0.3533362150192261 0.07598302513360977 0.2869313359260559
0.0 0.7453630566596985 0.5943921804428101 0.05921293795108795 0.1759454905986786
0.0 0.7980513572692871 0.328635036945343 0.05076141655445099 0.13731342554092407
0.0 0.8223506808280945 0.1246190145611763 0.04770994931459427 0.10302194952964783
0.0 0.5413888096809387 0.5517295002937317 0.058901138603687286 0.17420236766338348
0.0 0.22264429926872253 0.7400588393211365 0.06334575265645981 0.25936153531074524
0.0 0.21708840131759644 0.5206965804100037 0.045640215277671814 0.14314652979373932
1.0 0.3183722496032715 0.3658688962459564 0.05468204244971275 0.19369512796401978
1.0 0.44404861330986023 0.5862299799919128 0.0508742518723011 0.1896394044160843
1.0 0.5269804000854492 0.7054080963134766 0.051497865468263626 0.19312556087970734
1.0 0.6348085403442383 0.6744281053543091 0.05249957740306854 0.18149366974830627
1.0 0.7261053919792175 0.7255533933639526 0.0322001650929451 0.07662563025951385
1.0 0.11932364106178284 0.49771061539649963 0.07678577303886414 0.3258824348449707
1.0 0.24069124460220337 0.5056817531585693 0.04585251957178116 0.1701810210943222
1.0 0.03936374932527542 0.34921973943710327 0.05645328387618065 0.22944487631320953
