0.0 0.6037023663520813 0.4328426420688629 0.1187029629945755 0.33056560158729553
0.0 0.49033108353614807 0.5769712924957275 0.04467722028493881 0.09117071330547333
1.0 0.5997622609138489 0.6312379240989685 0.06208813562989235 0.1455652266740799
1.0 0.6366835832595825 0.7822245955467224 0.04998131841421127 0.10915491729974747
1.0 0.7964378595352173 0.8122361302375793 0.047819532454013824 0.10646484792232513
1.0 0.4040086269378662 0.6321495771408081 0.05528532713651657 0.12713900208473206
1.0 0.4129868745803833 0.535426139831543 0.0628478154540062 0.15741994976997375
1.0 0.13095566630363464 0.47260940074920654 0.0567840114235878 0.12758100032806396
1.0 0.5228807330131531 0.5605065226554871 0.05661141499876976 0.13163509964942932
1.0 0.6811328530311584 0.8303583860397339 0.046320877969264984 0.10602284967899323
