0.0 0.31552696228027344 0.3315191864967346 0.03532207012176514 0.29413658380508423
0.0 0.8207837343215942 0.6839830875396729 0.03560918569564819 0.1784462332725525
0.0 0.9342334866523743 0.43100112676620483 0.03337383270263672 0.14022961258888245
0.0 0.9925518035888672 0.23045553267002106 0.014896392822265625 0.10469648241996765
0.0 0.5954540967941284 0.5935113430023193 0.03607732057571411 0.1763032078742981
0.0 0.20053544640541077 0.703860878944397 0.025799378752708435 0.2622227072715759
0.0 0.2336169183254242 0.4872879981994629 0.02696309983730316 0.14459383487701416
1.0 0.3763803541660309 0.3569750189781189 0.027739107608795166 0.198177307844162
1.0 0.4782078266143799 0.6047681570053101 0.023554205894470215 0.19307351112365723
1.0 0.5500376224517822 0.7417831420898438 0.023344695568084717 0.19598805904388428
1.0 0.6786614656448364 0.7368810176849365 0.026571214199066162 0.1842339038848877
1.0 0.7731560468673706 0.8091894388198853 0.02330636978149414 0.07649093866348267
1.0 0.1277809590101242 0.4416441023349762 0.02962566167116165 0.3325757384300232
1.0 0.26292622089385986 0.47786372900009155 0.021959900856018066 0.1732017695903778
1.0 0.06426379084587097 0.27664053440093994 0.024004243314266205 0.23494847118854523
