0.0 0.6022865772247314 0.49530377984046936 0.04717749357223511 0.2686414122581482
0.0 0.5334420204162598 0.674712061882019 0.048397600650787354 0.25789886713027954
0.0 0.3829103410243988 0.8482465744018555 0.023731887340545654 0.1343671679496765
0.0 0.19230511784553528 0.6680572032928467 0.036298707127571106 0.3055059313774109
0.0 0.8665498495101929 0.11645638942718506 0.025241196155548096 0.1281297206878662
0.0 0.680290699005127 0.22461408376693726 0.04122704267501831 0.145990788936615
1.0 0.04952368512749672 0.5510451793670654 0.024087704718112946 0.21240773797035217
1.0 0.2912100553512573 0.7688871026039124 0.027317196130752563 0.2289351224899292
1.0 0.7794724106788635 0.30541282892227173 0.03199362754821777 0.22295573353767395
1.0 0.9568787217140198 0.34504464268684387 0.036501407623291016 0.2509933114051819
0.0 0.9155746698379517 0.21689815819263458 0.026317894458770752 0.16435346007347107
1.0 0.1347276270389557 0.7519291639328003 0.024551108479499817 0.24930864572525024
