0.0 0.5784704685211182 0.41596031188964844 0.043315351009368896 0.2923639714717865
0.0 0.5083534717559814 0.5581597089767456 0.02348184771835804 0.07807794213294983
1.0 0.6111076474189758 0.5843377113342285 0.02855941839516163 0.12664072215557098
1.0 0.6698395609855652 0.705298900604248 0.024723511189222336 0.09423091262578964
1.0 0.8109211325645447 0.7019264101982117 0.023215608671307564 0.09210779517889023
1.0 0.44506943225860596 0.6203195452690125 0.025965115055441856 0.1103837788105011
1.0 0.4351498484611511 0.5369612574577332 0.026733694598078728 0.13787439465522766
1.0 0.18429991602897644 0.5346040725708008 0.027317728847265244 0.11048775166273117
1.0 0.5330034494400024 0.538390040397644 0.02627558447420597 0.11442205309867859
1.0 0.7163088917732239 0.7379826307296753 0.021863019093871117 0.09200382977724075
