0.0 0.583975076675415 0.3824331760406494 0.1178966611623764 0.35661885142326355
0.0 0.4730057120323181 0.5423839092254639 0.04416150227189064 0.09726043790578842
1.0 0.5790031552314758 0.5941483378410339 0.06169665604829788 0.15611979365348816
1.0 0.6129742860794067 0.7537139654159546 0.04947793111205101 0.11673600226640701
1.0 0.7682144641876221 0.7780184745788574 0.04740883782505989 0.11453251540660858
1.0 0.388618528842926 0.6049572825431824 0.054794419556856155 0.13621145486831665
1.0 0.3979988098144531 0.5019328594207764 0.062391530722379684 0.16941800713539124
1.0 0.12444461137056351 0.44913578033447266 0.056380171328783035 0.13664434850215912
1.0 0.5048348903656006 0.5225361585617065 0.05624428018927574 0.14152288436889648
1.0 0.655880331993103 0.8025239109992981 0.04582308605313301 0.11409963667392731
