1.0 0.4892083406448364 0.532640814781189 0.07273153215646744 0.23503746092319489
1.0 0.7504472136497498 0.6125746369361877 0.06980101764202118 0.2295336276292801
1.0 0.951029360294342 0.5946758985519409 0.052411261945962906 0.15301424264907837
1.0 0.7344107031822205 0.8306735754013062 0.06400443613529205 0.20402716100215912
1.0 0.8499736189842224 0.6459225416183472 0.04445691779255867 0.12540481984615326
1.0 0.43227094411849976 0.3569701910018921 0.057225678116083145 0.15572094917297363
1.0 0.23442555963993073 0.27266642451286316 0.035762108862400055 0.08714514225721359
1.0 0.7234114408493042 0.5143355131149292 0.057821400463581085 0.17682023346424103
0.0 0.9236071705818176 0.4981371760368347 0.08799586445093155 0.3022044599056244
0.0 0.8220850229263306 0.6538906097412109 0.0483858697116375 0.1279103010892868
0.0 0.07970208674669266 0.35105809569358826 0.044328223913908005 0.11005574464797974
0.0 0.6438665986061096 0.29060912132263184 0.04065709188580513 0.09390167891979218
