1.0 0.48789316415786743 0.5301855206489563 0.026257513090968132 0.21226055920124054
1.0 0.7227925658226013 0.5389493703842163 0.02451241761445999 0.20751537382602692
1.0 0.8853342533111572 0.47705894708633423 0.02175511047244072 0.13725696504116058
1.0 0.7584938406944275 0.7314474582672119 0.023593313992023468 0.18409590423107147
1.0 0.8129348158836365 0.544793963432312 0.019213341176509857 0.11221493780612946
1.0 0.4011297821998596 0.39129355549812317 0.025719568133354187 0.13897141814231873
1.0 0.21789053082466125 0.3640833795070648 0.017834747210144997 0.07708573341369629
1.0 0.6782625317573547 0.4601662755012512 0.022612936794757843 0.15911509096622467
0.0 0.8408655524253845 0.3998371660709381 0.028677815571427345 0.2739318311214447
0.0 0.7915668487548828 0.5581421852111816 0.022397281602025032 0.11389876157045364
0.0 0.10702597349882126 0.4677294194698334 0.021753879263997078 0.0975051075220108
0.0 0.5619252324104309 0.28490614891052246 0.02117181196808815 0.08267279714345932
