0.0 0.5690569877624512 0.4067896604537964 0.07146983593702316 0.30885425209999084
0.0 0.4829532504081726 0.5510444045066833 0.03160472586750984 0.08321001380681992
1.0 0.5886452198028564 0.5873096585273743 0.04146035760641098 0.13434988260269165
1.0 0.6389067769050598 0.7205947637557983 0.0343758761882782 0.1001727357506752
1.0 0.7877954840660095 0.7298780083656311 0.03258190304040909 0.09837866574525833
1.0 0.41070541739463806 0.6104859709739685 0.037147101014852524 0.11713534593582153
1.0 0.4077245593070984 0.52213054895401 0.04039156809449196 0.14618250727653503
1.0 0.1442197859287262 0.4972890317440033 0.038689132779836655 0.11738727241754532
1.0 0.5106340050697327 0.5318183302879333 0.03790280595421791 0.12176147103309631
1.0 0.6848821043968201 0.7589784264564514 0.031039871275424957 0.09812673926353455
