1.0 0.0016483168583363295 0.6647964119911194 0.003296633716672659 0.19037273526191711
0.0 0.54832524061203 0.4640727639198303 0.09484532475471497 0.24226383864879608
0.0 0.5242705941200256 0.6356135606765747 0.09358317404985428 0.23125028610229492
0.0 0.42852169275283813 0.8198368549346924 0.04771827533841133 0.11941993981599808
0.0 0.2250596433877945 0.7078767418861389 0.09561353921890259 0.2717127501964569
0.0 0.704143226146698 0.07136663794517517 0.047347649931907654 0.1179020032286644
0.0 0.5624154210090637 0.208915114402771 0.06547433137893677 0.13660234212875366
1.0 0.07479531317949295 0.6392201781272888 0.06647235155105591 0.19037273526191711
1.0 0.3325226306915283 0.7725096940994263 0.070770263671875 0.202127605676651
1.0 0.6652274131774902 0.25779545307159424 0.07191747426986694 0.20098040997982025
1.0 0.8272632956504822 0.2528071701526642 0.07993973791599274 0.22506380081176758
0.0 0.7666253447532654 0.14939653873443604 0.05494639649987221 0.14901888370513916
1.0 0.1921876221895218 0.7939121127128601 0.0737004280090332 0.21997176110744476
