1.0 0.48034489154815674 0.56013023853302 0.021183878183364868 0.23938563466072083
1.0 0.7421038150787354 0.5858304500579834 0.020785868167877197 0.2354639172554016
1.0 0.9271140098571777 0.5263421535491943 0.020635902881622314 0.15549606084823608
1.0 0.7763709425926208 0.8071895837783813 0.02075934410095215 0.21007198095321655
1.0 0.8434385061264038 0.5979573726654053 0.018359363079071045 0.127519428730011
1.0 0.3898038864135742 0.39785438776016235 0.022896289825439453 0.15517809987068176
1.0 0.18795853853225708 0.3565187454223633 0.016526952385902405 0.08567923307418823
1.0 0.6950151920318604 0.4938550591468811 0.020036518573760986 0.1793360710144043
0.0 0.8786954879760742 0.4364778995513916 0.02399730682373047 0.3093777596950531
0.0 0.819092869758606 0.6111087203025818 0.021690845489501953 0.12931311130523682
0.0 0.06183053180575371 0.4649191200733185 0.020045556128025055 0.10859018564224243
0.0 0.5713591575622559 0.288993239402771 0.020590543746948242 0.09190535545349121
