1.0 0.013948775827884674 0.17265628278255463 0.027897551655769348 0.08731810748577118
0.0 0.06389886885881424 0.3088228702545166 0.046911656856536865 0.11028838157653809
1.0 0.4969494044780731 0.5366947054862976 0.08608515560626984 0.2359069585800171
1.0 0.6716992855072021 0.6127554178237915 0.08328039199113846 0.2304036170244217
1.0 0.8178380131721497 0.5917548537254333 0.059296637773513794 0.15349431335926056
1.0 0.6273161768913269 0.8314520716667175 0.07528580725193024 0.20476718246936798
1.0 0.7378383874893188 0.6446323990821838 0.04956315830349922 0.12577274441719055
1.0 0.4827451705932617 0.36161285638809204 0.06284420937299728 0.15614347159862518
1.0 0.3539878726005554 0.28020399808883667 0.03757132589817047 0.08731810748577118
1.0 0.6671920418739319 0.5147718787193298 0.06675823777914047 0.17742161452770233
0.0 0.8127977848052979 0.4954804480075836 0.10713755339384079 0.3034162223339081
0.0 0.7166925072669983 0.6530405879020691 0.05250789597630501 0.1282339096069336
0.0 0.23151341080665588 0.36109253764152527 0.046911656856536865 0.11028838157653809
0.0 0.6440736055374146 0.2919030487537384 0.041848450899124146 0.09405200183391571
1.0 0.9821226000785828 0.6466568112373352 0.03575477376580238 0.15349431335926056
1.0 0.9883771538734436 0.9248887896537781 0.023245681077241898 0.15022242069244385
0.0 0.9995976090431213 0.5703125596046448 0.0008048277231864631 0.3034162223339081
