0.0 0.3062257766723633 0.3351847529411316 0.025037189945578575 0.25312867760658264
0.0 0.7242363095283508 0.6194983124732971 0.028147559612989426 0.15312917530536652
0.0 0.819516122341156 0.3968280255794525 0.02657991088926792 0.11875388026237488
0.0 0.8773031234741211 0.22338202595710754 0.0297003872692585 0.08750437200069427
0.0 0.5375074744224548 0.5507757067680359 0.02814733050763607 0.15156660974025726
0.0 0.20236799120903015 0.6648874878883362 0.017221273854374886 0.22968997061252594
0.0 0.2343710958957672 0.4734765291213989 0.020330864936113358 0.12500298023223877
1.0 0.3570098876953125 0.3547085225582123 0.020337527617812157 0.17031550407409668
1.0 0.4390721619129181 0.5656339526176453 0.01721205562353134 0.16719000041484833
1.0 0.49768301844596863 0.6820316314697266 0.01721254549920559 0.17031504213809967
1.0 0.6054940223693848 0.6718595027923584 0.020335977897047997 0.15937793254852295
1.0 0.6836276054382324 0.7304417490959167 0.018759600818157196 0.06562770903110504
1.0 0.14530342817306519 0.4383333921432495 0.01879251003265381 0.28906524181365967
1.0 0.25936973094940186 0.46409788727760315 0.015647051855921745 0.15000227093696594
1.0 0.09450139105319977 0.2969346046447754 0.01565486378967762 0.20312729477882385
