0.0 0.3053750991821289 0.32019415497779846 0.042972415685653687 0.2937573194503784
0.0 0.7697499990463257 0.6451106071472168 0.03603893518447876 0.17805272340774536
0.0 0.8808853030204773 0.38942891359329224 0.03180885314941406 0.13381841778755188
0.0 0.9472125172615051 0.19619370996952057 0.03360140323638916 0.09674912691116333
0.0 0.5616163015365601 0.5686897039413452 0.03835403919219971 0.17719128727912903
0.0 0.16290780901908875 0.7117820978164673 0.0352933406829834 0.27811431884765625
0.0 0.21307086944580078 0.48175740242004395 0.03160656988620758 0.14797523617744446
1.0 0.36337530612945557 0.34234410524368286 0.032307714223861694 0.19730296730995178
1.0 0.44787830114364624 0.5877870321273804 0.027844518423080444 0.196928471326828
1.0 0.5102753639221191 0.7239264249801636 0.027422219514846802 0.20233076810836792
1.0 0.6342535018920898 0.7090123891830444 0.029114067554473877 0.18777769804000854
1.0 0.7207039594650269 0.7752946615219116 0.023336589336395264 0.07770591974258423
1.0 0.10901942104101181 0.44199252128601074 0.04151700437068939 0.34289848804473877
1.0 0.24320809543132782 0.47054392099380493 0.027224451303482056 0.17697909474372864
1.0 0.05774528533220291 0.2745993435382843 0.03258788585662842 0.2382691502571106
