1.0 0.47972896695137024 0.5360262393951416 0.06506060063838959 0.18444165587425232
1.0 0.6832329630851746 0.6079743504524231 0.0625881776213646 0.1800764948129654
1.0 0.842171311378479 0.6006432175636292 0.046268995851278305 0.12026553601026535
1.0 0.6631854772567749 0.7795863747596741 0.05714844912290573 0.1601395159959793
1.0 0.7606655955314636 0.6376700401306152 0.03908204287290573 0.09862165153026581
1.0 0.44073620438575745 0.39543190598487854 0.050092823803424835 0.12253901362419128
1.0 0.28742069005966187 0.32218265533447266 0.030922504141926765 0.06871618330478668
1.0 0.6652202010154724 0.5295135378837585 0.0513460636138916 0.13887335360050201
0.0 0.8237958550453186 0.523511528968811 0.07938521355390549 0.2369423806667328
0.0 0.7383814454078674 0.6430145502090454 0.042213741689920425 0.10070629417896271
0.0 0.1626320481300354 0.378817617893219 0.038405902683734894 0.08675038069486618
0.0 0.610010027885437 0.3502205014228821 0.03496077284216881 0.07412364333868027
