0.0 0.2754058241844177 0.3805429935455322 0.07870310544967651 0.25259703397750854
0.0 0.7446363568305969 0.56866455078125 0.06030962988734245 0.15559396147727966
0.0 0.7899807095527649 0.33074820041656494 0.05141136422753334 0.12168357521295547
0.0 0.8092529773712158 0.14894768595695496 0.04776190593838692 0.09183089435100555
0.0 0.5475179553031921 0.5415574908256531 0.05997452139854431 0.1540677547454834
0.0 0.2446214109659195 0.7248432636260986 0.06604602187871933 0.22802934050559998
0.0 0.2348587065935135 0.5310210585594177 0.04664718732237816 0.12644782662391663
1.0 0.32919418811798096 0.3887293338775635 0.056364841759204865 0.17070606350898743
1.0 0.45455417037010193 0.5771666765213013 0.052642349153757095 0.16698354482650757
1.0 0.5367489457130432 0.6782985925674438 0.05331256985664368 0.17003588378429413
1.0 0.6398748755455017 0.6452573537826538 0.054019246250391006 0.16002298891544342
1.0 0.728748083114624 0.6857331991195679 0.03238752484321594 0.06811915338039398
1.0 0.14032886922359467 0.5157829523086548 0.08030565828084946 0.2863579988479614
1.0 0.25726649165153503 0.5165027379989624 0.04743022099137306 0.14986085891723633
1.0 0.06040337309241295 0.3885572850704193 0.05882333219051361 0.20174983143806458
