0.0 0.5432015657424927 0.3923400938510895 0.050843652337789536 0.3100617527961731
0.0 0.496435284614563 0.553697407245636 0.026300380006432533 0.08265212178230286
1.0 0.6078658699989319 0.5620154142379761 0.03270026668906212 0.13413341343402863
1.0 0.6902419328689575 0.6782277822494507 0.027915101498365402 0.09976369887590408
1.0 0.8366283774375916 0.6495041847229004 0.02621273323893547 0.0980612188577652
1.0 0.44159528613090515 0.6294973492622375 0.029529903084039688 0.11687515676021576
1.0 0.41633668541908264 0.5447768568992615 0.030763380229473114 0.1462845504283905
1.0 0.1551302671432495 0.5874744653701782 0.03108546882867813 0.11702194809913635
1.0 0.5183449983596802 0.5280882716178894 0.02997022308409214 0.12154188007116318
1.0 0.744438886642456 0.7037175893783569 0.024657167494297028 0.0979144275188446
