0.0 0.5985685586929321 0.4401308000087738 0.04019296169281006 0.35558873414993286
0.0 0.5200246572494507 0.6207327842712402 0.025526583194732666 0.09372687339782715
1.0 0.6456910371780396 0.6400866508483887 0.029786109924316406 0.15292632579803467
1.0 0.7213265895843506 0.7803963422775269 0.026296496391296387 0.11343574523925781
1.0 0.8923026323318481 0.7602993845939636 0.024366438388824463 0.11151635646820068
1.0 0.4455970227718353 0.7027846574783325 0.027238547801971436 0.13330364227294922
1.0 0.43006980419158936 0.6034495830535889 0.02689877152442932 0.16736048460006714
1.0 0.12492607533931732 0.6293534636497498 0.02916828542947769 0.1334923505783081
1.0 0.5490094423294067 0.593332052230835 0.027422010898590088 0.1385785937309265
1.0 0.7790251970291138 0.8143148422241211 0.022615253925323486 0.11156052350997925
