0.0 0.5522972345352173 0.447319358587265 0.053147684782743454 0.22400330007076263
0.0 0.5047516226768494 0.6007176637649536 0.053851597011089325 0.21322113275527954
0.0 0.38985759019851685 0.754687488079071 0.027230724692344666 0.11050489544868469
0.0 0.2204045206308365 0.6221984028816223 0.04923413693904877 0.2531122863292694
0.0 0.7525076270103455 0.11191728711128235 0.02710869535803795 0.10894715040922165
0.0 0.6032127737998962 0.21686036884784698 0.04222604259848595 0.12406450510025024
1.0 0.09385880082845688 0.5372863411903381 0.03403317555785179 0.1776093691587448
1.0 0.309306800365448 0.6967360377311707 0.03644471988081932 0.18863545358181
1.0 0.6893985867500305 0.2767215371131897 0.03788045793771744 0.1871996968984604
1.0 0.8382647633552551 0.2964109778404236 0.04114575311541557 0.20912988483905792
0.0 0.7980372905731201 0.19298556447029114 0.029426131397485733 0.13854405283927917
1.0 0.17760349810123444 0.6960774660110474 0.03622862696647644 0.2056484967470169
1.0 0.023349618539214134 0.41742461919784546 0.030252091586589813 0.1293196678161621
