1.0 0.48903459310531616 0.5306186676025391 0.03415251895785332 0.21247327327728271
1.0 0.7240973711013794 0.5305602550506592 0.03223516047000885 0.20767973363399506
1.0 0.8842017650604248 0.462613046169281 0.026842910796403885 0.13757431507110596
1.0 0.7669982314109802 0.7215827703475952 0.030437743291258812 0.18431125581264496
1.0 0.814395546913147 0.5330175757408142 0.02336767315864563 0.11252812296152115
1.0 0.39711955189704895 0.3950808644294739 0.030857423320412636 0.13943174481391907
1.0 0.21298816800117493 0.3747670650482178 0.020671609789133072 0.0774754136800766
1.0 0.6766419410705566 0.45350393652915955 0.0285204965621233 0.1593848466873169
0.0 0.8368661403656006 0.38711461424827576 0.03888571262359619 0.27401024103164673
0.0 0.7935435771942139 0.5471583604812622 0.026603369042277336 0.11432565748691559
0.0 0.1060916930437088 0.48250094056129456 0.025345144793391228 0.0979677066206932
0.0 0.553808867931366 0.2827335596084595 0.02420681342482567 0.08316768705844879
