0.0 0.5666245222091675 0.41606760025024414 0.027827978134155273 0.37183669209480286
0.0 0.49752700328826904 0.6072052717208862 0.021601229906082153 0.09926551580429077
1.0 0.6167210340499878 0.6227228045463562 0.02364271879196167 0.16119921207427979
1.0 0.6920644044876099 0.7666817307472229 0.021348953247070312 0.12009060382843018
1.0 0.8517764806747437 0.7386331558227539 0.019197940826416016 0.11751610040664673
1.0 0.4291456341743469 0.6963698267936707 0.022362440824508667 0.14141345024108887
1.0 0.4117853045463562 0.5925823450088501 0.021167010068893433 0.17676204442977905
1.0 0.12087799608707428 0.6315975189208984 0.025072090327739716 0.14227986335754395
1.0 0.5241819620132446 0.5774351358413696 0.02208465337753296 0.1461612582206726
1.0 0.7473406791687012 0.7998559474945068 0.017819464206695557 0.11796003580093384
