0.0 0.556654691696167 0.39877113699913025 0.03254605084657669 0.30994588136672974
0.0 0.4895767271518707 0.5527965426445007 0.021544715389609337 0.08184900879859924
1.0 0.5990197658538818 0.5753394961357117 0.024887029081583023 0.13343475759029388
1.0 0.6658082604408264 0.7011585831642151 0.02213824912905693 0.09902635216712952
1.0 0.8146698474884033 0.6914498805999756 0.020522741600871086 0.09741072356700897
1.0 0.4254665970802307 0.6209356784820557 0.02273186668753624 0.11620357632637024
1.0 0.41128411889076233 0.5336750745773315 0.02219550311565399 0.14581939578056335
1.0 0.14675860106945038 0.542513906955719 0.024293411523103714 0.11625753343105316
1.0 0.5145904421806335 0.5302094221115112 0.022893685847520828 0.12088823318481445
1.0 0.7162877917289734 0.7333898544311523 0.018961196765303612 0.09735676646232605
