0.0 0.6374698281288147 0.4452076852321625 0.1458611786365509 0.3653610050678253
0.0 0.5020155906677246 0.5998755097389221 0.053936202079057693 0.10157148540019989
1.0 0.6280584335327148 0.6667162179946899 0.0755016878247261 0.1615486741065979
1.0 0.6673572063446045 0.8375513553619385 0.060546886175870895 0.12137099355459213
1.0 0.8525591492652893 0.8801310062408447 0.05798693373799324 0.11831721663475037
1.0 0.4002059996128082 0.6566603779792786 0.06715746223926544 0.14117035269737244
1.0 0.4130081236362457 0.5490678548812866 0.07671720534563065 0.1744156777858734
1.0 0.0862906277179718 0.4629066586494446 0.06889096647500992 0.14174914360046387
1.0 0.5402994155883789 0.5833155512809753 0.06881020963191986 0.14612029492855072
1.0 0.7179192304611206 0.8938615918159485 0.05625345930457115 0.11773844808340073
