0.0 0.5304465889930725 0.42780938744544983 0.07846935838460922 0.20925281941890717
0.0 0.49547144770622253 0.5760076642036438 0.0781029760837555 0.1996447890996933
0.0 0.38906729221343994 0.7341989874839783 0.03976844623684883 0.10337220877408981
0.0 0.19582153856754303 0.6357893943786621 0.07735365629196167 0.23490548133850098
0.0 0.7090862989425659 0.09024877846240997 0.039481598883867264 0.10195226222276688
0.0 0.5612161755561829 0.208046093583107 0.05683286860585213 0.11771475523710251
1.0 0.052924543619155884 0.5752407312393188 0.05374126881361008 0.16476041078567505
1.0 0.2977142632007599 0.6920579075813293 0.05738990381360054 0.17503131926059723
1.0 0.6587433815002441 0.25115689635276794 0.05874422937631607 0.17394286394119263
1.0 0.8187453746795654 0.24839800596237183 0.06440030038356781 0.19415323436260223
0.0 0.7656009197235107 0.1586381196975708 0.044930487871170044 0.12893080711364746
1.0 0.1578517109155655 0.7099612355232239 0.05890335142612457 0.1903190016746521
