0.0 0.5394085645675659 0.38682201504707336 0.10931970924139023 0.330402672290802
0.0 0.5226911306381226 0.5670430064201355 0.041327595710754395 0.09055833518505096
1.0 0.6360160708427429 0.5582130551338196 0.05732985958456993 0.14502687752246857
1.0 0.7409297227859497 0.6685238480567932 0.04619482159614563 0.10858851671218872
1.0 0.8816372156143188 0.613614022731781 0.044185686856508255 0.10595660656690598
1.0 0.4825408160686493 0.657675564289093 0.05106196179986 0.12661857903003693
1.0 0.44099149107933044 0.5705596804618835 0.057976167649030685 0.1570419818162918
1.0 0.18764333426952362 0.6591007113456726 0.052462607622146606 0.12699668109416962
1.0 0.5400124192237854 0.5365750789642334 0.05227883160114288 0.13112616539001465
1.0 0.8000732064247131 0.6872161626815796 0.04278506711125374 0.10557851195335388
