0.0 0.6664673089981079 0.45851850509643555 0.06880563497543335 0.23373380303382874
0.0 0.6041857004165649 0.6179780960083008 0.07031160593032837 0.22557705640792847
0.0 0.4504324793815613 0.7788176536560059 0.03604975342750549 0.11945945024490356
0.0 0.21953558921813965 0.6291801333427429 0.06514210999011993 0.2763364017009735
0.0 0.9189426898956299 0.1275046318769455 0.034202396869659424 0.10941968113183975
0.0 0.7318236827850342 0.22219640016555786 0.05402857065200806 0.12608391046524048
1.0 0.042792096734046936 0.5296515822410583 0.04516231641173363 0.19534841179847717
1.0 0.3413780927658081 0.713624119758606 0.048088908195495605 0.20509248971939087
1.0 0.8411626815795898 0.29040512442588806 0.04841256141662598 0.19126643240451813
1.0 0.9998783469200134 0.3210144639015198 0.00024330615997314453 0.2110542356967926
0.0 0.975652813911438 0.2132396697998047 0.03723353147506714 0.13943351805210114
1.0 0.15858498215675354 0.7084412574768066 0.04784013330936432 0.22664999961853027
