0.0 0.5481360554695129 0.4434918463230133 0.06961535662412643 0.2247622162103653
0.0 0.5124034285545349 0.6000639200210571 0.06947803497314453 0.2141948640346527
0.0 0.40956130623817444 0.7623316645622253 0.03533945605158806 0.11095725744962692
0.0 0.23051601648330688 0.6431239247322083 0.06800290942192078 0.25313615798950195
0.0 0.7222382426261902 0.09382462501525879 0.035099223256111145 0.10941331088542938
0.0 0.5813636779785156 0.20982612669467926 0.05115620419383049 0.12547029554843903
1.0 0.0978747010231018 0.5680895447731018 0.047210924327373505 0.17758646607398987
1.0 0.3248334527015686 0.7106789946556091 0.050436098128557205 0.18863414227962494
1.0 0.6718555688858032 0.26295408606529236 0.05173983424901962 0.18733039498329163
1.0 0.821788489818573 0.2712562084197998 0.0566461905837059 0.20918557047843933
0.0 0.7738059759140015 0.1711924970149994 0.03966255486011505 0.13874799013137817
1.0 0.1934620440006256 0.7200462818145752 0.05153406038880348 0.20537717640399933
1.0 0.019165057688951492 0.4539419114589691 0.038330115377902985 0.12972460687160492
