0.0 0.2719085216522217 0.3303976058959961 0.03162100911140442 0.2632672190666199
0.0 0.7393068671226501 0.6289936304092407 0.03329730033874512 0.16633933782577515
0.0 0.8509435653686523 0.3874630630016327 0.031146645545959473 0.128373384475708
0.0 0.918641209602356 0.1998971849679947 0.03491693735122681 0.09450504183769226
0.0 0.5257593393325806 0.5549108982086182 0.03335416316986084 0.16193601489067078
0.0 0.15262672305107117 0.6754909753799438 0.02340814471244812 0.24153828620910645
0.0 0.19124332070350647 0.47480666637420654 0.024465203285217285 0.13037148118019104
1.0 0.3271799683570862 0.3496800661087036 0.024984210729599 0.1779519021511078
1.0 0.4149603247642517 0.5709542036056519 0.02142581343650818 0.17755645513534546
1.0 0.47930559515953064 0.6954077482223511 0.02137821912765503 0.1828303337097168
1.0 0.6020073890686035 0.6851704120635986 0.024544894695281982 0.17224329710006714
1.0 0.6916484832763672 0.7491838335990906 0.0220949649810791 0.0716925859451294
1.0 0.09596965461969376 0.4395483732223511 0.026461437344551086 0.2989896535873413
1.0 0.21856975555419922 0.4648921489715576 0.01980811357498169 0.15656015276908875
1.0 0.04510366916656494 0.2946544289588928 0.021303310990333557 0.20792271196842194
