0.0 0.2468477040529251 0.41153255105018616 0.11914250254631042 0.27168428897857666
0.0 0.7769533395767212 0.5549480319023132 0.08528796583414078 0.16906870901584625
0.0 0.7913724184036255 0.2893683612346649 0.07097050547599792 0.13283798098564148
0.0 0.7859046459197998 0.08845625817775726 0.06257456541061401 0.10155000537633896
0.0 0.5617244839668274 0.5513540506362915 0.08470933884382248 0.16744756698608398
0.0 0.2633288502693176 0.7912737727165222 0.10252325981855392 0.244533970952034
0.0 0.22500453889369965 0.5810715556144714 0.06693282723426819 0.13705511391162872
1.0 0.3056914210319519 0.41337478160858154 0.0837123692035675 0.1840665191411972
1.0 0.4671749472618103 0.6024633646011353 0.07937905937433243 0.17969068884849548
1.0 0.5698323845863342 0.7019786834716797 0.08053631335496902 0.18293291330337524
1.0 0.6756458878517151 0.6523317694664001 0.07966216653585434 0.17271889746189117
1.0 0.7767453789710999 0.6847818493843079 0.04335775971412659 0.07488710433244705
1.0 0.12146788835525513 0.576905369758606 0.12609829008579254 0.3067019581794739
1.0 0.24694150686264038 0.5622761249542236 0.0714263916015625 0.1612919718027115
1.0 0.03152124211192131 0.44861871004104614 0.06304248422384262 0.21640880405902863
