1.0 0.008245246484875679 0.32331937551498413 0.016490492969751358 0.13369761407375336
0.0 0.5522230267524719 0.4663465917110443 0.06277577579021454 0.23161619901657104
0.0 0.4762825667858124 0.6121357083320618 0.0628746822476387 0.2205967903137207
0.0 0.3365861475467682 0.745095431804657 0.03193651884794235 0.11430055648088455
0.0 0.2032478004693985 0.5772680640220642 0.060582954436540604 0.2612859010696411
0.0 0.8092186450958252 0.16674400866031647 0.03173678740859032 0.11269968003034592
0.0 0.6469271183013916 0.24323512613773346 0.04700350761413574 0.12878751754760742
1.0 0.10083584487438202 0.4661354422569275 0.042018990963697433 0.1833244264125824
1.0 0.2721862196922302 0.6704064607620239 0.04491333290934563 0.19471712410449982
1.0 0.7162657976150513 0.32097873091697693 0.04621027037501335 0.1933029443025589
1.0 0.8529554009437561 0.370542973279953 0.050502266734838486 0.2159016877412796
0.0 0.8358521461486816 0.25785744190216064 0.035530537366867065 0.14311610162258148
1.0 0.1478671282529831 0.643520176410675 0.04561305046081543 0.21213993430137634
1.0 0.05844102427363396 0.33078616857528687 0.03582918643951416 0.13369761407375336
