1.0 0.48743653297424316 0.5299983620643616 0.023055121302604675 0.2120896577835083
1.0 0.7221758961677551 0.5423254370689392 0.021380368620157242 0.20736593008041382
1.0 0.8856379985809326 0.4829084873199463 0.019689450040459633 0.13707375526428223
1.0 0.7549521923065186 0.7353430986404419 0.020816728472709656 0.18393519520759583
1.0 0.8122191429138184 0.549537181854248 0.017526092007756233 0.11204343289136887
1.0 0.4027906358242035 0.3898058831691742 0.02363208495080471 0.13872972130775452
1.0 0.21998535096645355 0.3598184287548065 0.01668069139122963 0.07689735293388367
1.0 0.6788464188575745 0.46287575364112854 0.020215513184666634 0.15894240140914917
0.0 0.8423461318016052 0.4050208330154419 0.024539370089769363 0.27379053831100464
0.0 0.7906510233879089 0.5625596046447754 0.020687835291028023 0.11368060857057571
0.0 0.10756088048219681 0.46177029609680176 0.020293256267905235 0.09727908670902252
0.0 0.5651818513870239 0.2858705222606659 0.019936315715312958 0.08243965357542038
