0.0 0.5558003187179565 0.4773632287979126 0.042510271072387695 0.24038107693195343
0.0 0.48942825198173523 0.6373620629310608 0.04390392825007439 0.22868601977825165
0.0 0.35047492384910583 0.7916282415390015 0.02200818434357643 0.11824891716241837
0.0 0.18165887892246246 0.6321508884429932 0.03594072908163071 0.2723078429698944
0.0 0.8052647113800049 0.1363869309425354 0.021985754370689392 0.11668652296066284
0.0 0.6335306167602539 0.233925461769104 0.03705279529094696 0.1325235515832901
1.0 0.053457729518413544 0.5279513001441956 0.024616198614239693 0.19092006981372833
1.0 0.2694416344165802 0.7217047810554504 0.026347190141677856 0.20266005396842957
1.0 0.7207683324813843 0.3070635497570038 0.027887018397450447 0.20112024247646332
1.0 0.8788621425628662 0.34293627738952637 0.030579103156924248 0.22537019848823547
0.0 0.8461436033248901 0.22760970890522003 0.02244674786925316 0.14871446788311005
1.0 0.12822990119457245 0.7071709632873535 0.025054696947336197 0.22138570249080658
