1.0 0.4818183481693268 0.5269660949707031 0.054056160151958466 0.21165964007377625
1.0 0.7096269130706787 0.5849124789237976 0.05171199515461922 0.20677344501018524
1.0 0.8815468549728394 0.5585729479789734 0.03963862359523773 0.13750526309013367
1.0 0.7040653228759766 0.7806141972541809 0.04768753796815872 0.18368405103683472
1.0 0.7965264916419983 0.6095753312110901 0.033806487917900085 0.11260828375816345
1.0 0.42619016766548157 0.37293893098831177 0.04375509172677994 0.1397152692079544
1.0 0.25276508927345276 0.30781787633895874 0.02776985988020897 0.07797420769929886
1.0 0.6826529502868652 0.49852901697158813 0.0433947779238224 0.15905533730983734
0.0 0.8543045520782471 0.4737287759780884 0.0646538957953453 0.2724616825580597
0.0 0.7728299498558044 0.618133544921875 0.03715343400835991 0.11468416452407837
0.0 0.12259016931056976 0.3858431279659271 0.034336283802986145 0.09852156043052673
0.0 0.6057565808296204 0.3027295172214508 0.03178749233484268 0.08389830589294434
