0.0 0.6442725658416748 0.49367329478263855 0.05335909128189087 0.27345067262649536
0.0 0.5612598657608032 0.6764520406723022 0.05388301610946655 0.2640071511268616
0.0 0.38391637802124023 0.8498337268829346 0.026843875646591187 0.137285053730011
0.0 0.17253726720809937 0.6661092042922974 0.044378310441970825 0.30291277170181274
0.0 0.9648953676223755 0.10051200538873672 0.030962646007537842 0.13130255043506622
0.0 0.7390151023864746 0.21702192723751068 0.048167526721954346 0.14775696396827698
1.0 0.019909337162971497 0.5501108169555664 0.031105950474739075 0.20647838711738586
1.0 0.2809513211250305 0.7677822113037109 0.03201743960380554 0.23045754432678223
1.0 0.8580272793769836 0.296787291765213 0.03813207149505615 0.22823338210582733
1.0 0.10745716094970703 0.7480170726776123 0.03165455907583237 0.24712777137756348
