0.0 0.295611709356308 0.3349631130695343 0.05599397420883179 0.2833091616630554
0.0 0.7500907182693481 0.6039289236068726 0.046930860728025436 0.17282216250896454
0.0 0.8186483979225159 0.34661468863487244 0.041167136281728745 0.13455061614513397
0.0 0.855549156665802 0.14799721539020538 0.0404927134513855 0.10026101022958755
0.0 0.55417400598526 0.548376739025116 0.046740200370550156 0.17109033465385437
0.0 0.23148269951343536 0.7118529677391052 0.0452878512442112 0.25646889209747314
0.0 0.24029789865016937 0.49617087841033936 0.03565269336104393 0.14078663289546967
1.0 0.34899622201919556 0.350995272397995 0.04118160903453827 0.19100765883922577
1.0 0.4571210443973541 0.5757126212120056 0.03766174241900444 0.18719856441020966
1.0 0.5301723480224609 0.6982499957084656 0.038043081760406494 0.19066213071346283
1.0 0.637212872505188 0.6750728487968445 0.03984709456562996 0.17888526618480682
1.0 0.7228259444236755 0.7313756346702576 0.026838600635528564 0.07480697333812714
1.0 0.1465597152709961 0.4670538306236267 0.054101914167404175 0.3224485218524933
1.0 0.2642623484134674 0.48301613330841064 0.03399531915783882 0.16797645390033722
1.0 0.07830435037612915 0.31594449281692505 0.04047749564051628 0.2268562763929367
