0 0.84453125 0.3609375 0.02890625 0.2875
1 0.2625 0.5734375 0.01796875 0.24453125
1 0.7109375 0.51171875 0.01640625 0.1515625
1 0.41875 0.75234375 0.01640625 0.13359375
1 0.13671875 0.65546875 0.01796875 0.16640625
1 0.12265625 0.51328125 0.0109375 0.20390625
1 0.1984375 0.5125 0.0140625 0.15703125
1 0.23828125 0.30078125 0.025 0.3125
0 0.77109375 0.63203125 0.01796875 0.125
1 0.6375 0.5453125 0.0125 0.11640625
0 0.55703125 0.6375 0.0234375 0.09296875
0 0.36953125 0.7453125 0.01796875 0.11640625
1 0.31171875 0.74375 0.01640625 0.125
0 0.18046875 0.52734375 0.0125 0.10546875