0 0.32265625 0.3671875 0.02734375 0.278125
0 0.7828125 0.6796875 0.03125 0.16875
0 0.8875 0.434375 0.02890625 0.13046875
0 0.95078125 0.24375 0.0328125 0.09609375
0 0.57734375 0.60390625 0.03125 0.16640625
0 0.20859375 0.7296875 0.01875 0.25234375
0 0.24375 0.51875 0.02265625 0.1375
1 0.37890625 0.38828125 0.02265625 0.1875
1 0.46875 0.6203125 0.01875 0.18359375
1 0.53359375 0.7484375 0.01875 0.1875
1 0.65234375 0.7375 0.02265625 0.175
1 0.73828125 0.8015625 0.0203125 0.071875
1 0.14609375 0.48046875 0.0203125 0.31796875
1 0.27109375 0.50859375 0.0171875 0.16484375
1 0.08984375 0.325 0.0171875 0.2234375