1 0.48671875 0.5296875 0.01796875 0.21171875
1 0.72109375 0.54765625 0.01640625 0.20703125
1 0.8859375 0.4921875 0.01640625 0.13671875
1 0.74921875 0.74140625 0.01640625 0.18359375
1 0.8109375 0.55703125 0.01484375 0.11171875
1 0.40546875 0.3875 0.0203125 0.13828125
1 0.2234375 0.353125 0.01484375 0.0765625
1 0.6796875 0.4671875 0.01640625 0.15859375
0 0.84453125 0.41328125 0.01796875 0.2734375
0 0.7890625 0.56953125 0.01796875 0.11328125
0 0.10859375 0.45234375 0.01796875 0.096875
0 0.5703125 0.2875 0.01796875 0.08203125