1 0.00625 0.63984375 0.0125 0.3734375
0 0.03828125 0.490625 0.05 0.3328125
1 0.11640625 0.58671875 0.046875 0.2375
1 0.16484375 0.45703125 0.040625 0.146875
1 0.26796875 0.37734375 0.05 0.1328125
0 0.28671875 0.3640625 0.0421875 0.1015625
1 0.4328125 0.27421875 0.0453125 0.2015625
0 0.4546875 0.29765625 0.0484375 0.2421875
0 0.56875 0.43046875 0.04375 0.1125
1 0.5890625 0.40625 0.0453125 0.153125
0 0.60703125 0.42109375 0.034375 0.1578125
0 0.71484375 0.6296875 0.0375 0.0765625
1 0.78125 0.48046875 0.05625 0.2453125
1 0.82890625 0.30859375 0.0421875 0.1359375
1 0.87265625 0.2015625 0.040625 0.1140625