1 0.22109375 0.6080887141902341 0.0359375 0.23614657825883115
1 0.3265625 0.5168501149523599 0.034375 0.14863748789975162
1 0.3375 0.40975523243880263 0.0390625 0.12991475897699054
0 0.3578125 0.39479330777076754 0.0390625 0.10491475897699046
1 0.48046875 0.3026734645830175 0.0359375 0.19239657825883114
0 0.5 0.3236535850945223 0.0421875 0.22055793969514967
0 0.61171875 0.4464411244203297 0.0390625 0.12210225897699037
1 0.6265625 0.41979226600907327 0.0328125 0.1423783975406721
0 0.646875 0.4290490913410382 0.0421875 0.1643079396951496
1 0.80234375 0.47970710061261634 0.04375 0.2268170300542293
1 0.834375 0.31858324825148415 0.034375 0.12519998789975162
1 0.865625 0.2168389410698918 0.03125 0.10018180718159231