0 0.03203125 0.665625 0.03515625 0.29296875
1 0.0640625 0.7 0.03671875 0.24140625
1 0.07890625 0.64609375 0.03671875 0.33828125
0 0.1203125 0.509375 0.034375 0.29921875
1 0.19375 0.59375 0.034375 0.21328125
1 0.23359375 0.475 0.03203125 0.13125
1 0.32421875 0.39921875 0.040625 0.11875
0 0.340625 0.3875 0.034375 0.090625
1 0.46953125 0.3015625 0.034375 0.18125
0 0.48984375 0.321875 0.03671875 0.2171875
0 0.59765625 0.43828125 0.03671875 0.1015625
1 0.61484375 0.415625 0.03671875 0.1375
0 0.63125 0.42890625 0.02578125 0.1421875
0 0.7359375 0.61328125 0.03046875 0.06796875
1 0.790625 0.4765625 0.04375 0.2203125
1 0.828125 0.31953125 0.0328125 0.121875
1 0.8640625 0.221875 0.0328125 0.10234375