1 0.16569966364794114 0.65859375 0.051672626070649666 0.2875
1 0.29301211827200957 0.5296875 0.04164312021691714 0.175
1 0.31479673556206056 0.4109375 0.044713578062439474 0.165625
1 0.47340009680198725 0.275 0.03722833098930565 0.221875
0 0.49203646731349204 0.29453125 0.0451862767345796 0.246875
0 0.6145376603282914 0.45546875 0.046494246680350314 0.203125
1 0.6320978650505558 0.39140625 0.0353567587805987 0.16875
0 0.6508024132551576 0.39921875 0.055769252730474506 0.1859375
1 0.8294404976623089 0.4453125 0.048438541761694154 0.26875
1 0.8438080455723233 0.25859375 0.02583631303532492 0.14375
1 0.8741591417851353 0.14453125 0.0319045058537327 0.1125