1 0.12736841667300322 0.6664239098373121 0.05603287314378345 0.23156816256778648
1 0.23812008519271818 0.5634392895221991 0.04296927088084708 0.13462043969514959
1 0.24731379889197297 0.4602642925472612 0.0428147347764936 0.10805793969514958
1 0.3924404674116879 0.35707968433239656 0.04329652380771334 0.19087043969514966
0 0.4119262656162898 0.3647785548439013 0.048147650271146425 0.2190227107723885
0 0.5229496031466991 0.48365984416970864 0.03810905405833438 0.10490566861791084
1 0.5465052778147341 0.4632109887835144 0.036719270880847074 0.13458407825883115
0 0.5620893711988758 0.4701513351927182 0.04310562626704133 0.15805793969514975
1 0.7289996152469476 0.5168349167711991 0.03879083098930565 0.22209316861791084
1 0.7612086481298471 0.35180935958960674 0.03978063836728971 0.12366475897699045
1 0.7954069070086417 0.24770766686939494 0.03338519262201593 0.09862839754067192