1 0.17799967574818956 0.6940277768327755 0.056351035711570054 0.28625566256778645
1 0.3014104255517978 0.5650538700205254 0.04319652985783762 0.17368293969514959
1 0.3208422024827692 0.4479754543294808 0.046276078062439475 0.16588862041330898
1 0.47554840408177557 0.31137085469882325 0.040335150271146605 0.21897725897699036
0 0.4934035245932803 0.3310066438282388 0.0483021863754999 0.2455852107723885
0 0.6182757386853185 0.4879884177341481 0.04961015632127079 0.20184430113146803
1 0.6334831030485033 0.4255747761454044 0.03691925878059869 0.16895907825883114
0 0.6521876512531051 0.43349636045435985 0.05888516237139498 0.18471134328594588
1 0.8285047115579556 0.4767110710303566 0.05154536104353511 0.2659158914905479
1 0.8405194191088903 0.29161845354391397 0.028952222676245042 0.1423511264634331
1 0.8685176749626227 0.17927753482780726 0.035029505853732344 0.11269998789975158