1 0.030884965742358227 0.74296875 0.045286270684455385 0.2640625
1 0.04537873691779295 0.6828125 0.0490294151018694 0.3703125
0 0.08747481244614966 0.5328125 0.045658975406719725 0.328125
1 0.17002875809322765 0.62265625 0.04354196350286306 0.2328125
1 0.2106850534691592 0.49375 0.03833631303532483 0.14375
1 0.30706462889932 0.40859375 0.04762949980360833 0.1296875
0 0.3249606560266831 0.39609375 0.03963519262201594 0.0984375
1 0.4634595537637468 0.29921875 0.04177947560311139 0.1984375
0 0.48624306879086143 0.32109375 0.04513173458010193 0.2375
0 0.6065015475172308 0.44609375 0.042832915494652825 0.1109375
1 0.624324851771957 0.42109375 0.04306926483072289 0.1515625
0 0.6431566650036735 0.43515625 0.032159035907961805 0.15625
0 0.7622844357863248 0.634375 0.03481133723582168 0.075
1 0.8184430113146813 0.484375 0.05297150565734086 0.2421875
1 0.8549430718159237 0.3125 0.0382726805217672 0.1328125
1 0.8918158370394298 0.2046875 0.0381545058537327 0.1125