1 0.96484375 0.3892070467316639 0.0140625 0.0891443132317166
0 0.92734375 0.33117637811375317 0.0140625 0.11883181323171658
0 0.88671875 0.2051587787776831 0.009375 0.12036704215447766
1 0.80546875 0.1703110801055429 0.0234375 0.16888635538619426
0 0.646875 0.17954465865896174 0.0125 0.21413522287263698
1 0.5640625 0.286094119627742 0.0203125 0.12199317466803503
1 0.553125 0.3594679871141847 0.0203125 0.09543067466803504
1 0.0140625 0.6289880632317166 0.015625 0.11727840359079629
1 0.00546875 0.6945630662567787 0.0109375 0.08600113251355737
0 0.02890625 0.6986056716429729 0.0109375 0.09068863251355737
0 0.0265625 0.6290607861043535 0.0125 0.12194772287263689
1 0.07421875 0.6887130420562818 0.0109375 0.09693863251355736
1 0.1203125 0.5749187076491306 0.0125 0.08757272287263689
1 0.1609375 0.40640505698520063 0.0203125 0.24074317466803502