1 0.7822842174116879 0.359375 0.03121468032537571 0.2625
0 0.25298201591087743 0.56171875 0.021612421348385348 0.2234375
0 0.6619439254536019 0.4984375 0.017987451599006478 0.1375
0 0.397353663746137 0.7234375 0.01633404800821019 0.121875
0 0.13925079313643635 0.6390625 0.019631764830722886 0.1515625
0 0.12438029294004463 0.509375 0.015144252730474506 0.1859375
0 0.19313938329912425 0.5078125 0.01646131303532483 0.14375
0 0.22864158782499686 0.3140625 0.02977944535249044 0.284375
1 0.7175576003180287 0.6078125 0.017851096212812223 0.1140625
0 0.59534677791293 0.53125 0.014680644417413902 0.10625
1 0.5229808985226306 0.615625 0.022365879390299347 0.084375
1 0.35285423000291566 0.71796875 0.01780564441741399 0.10625
0 0.2997383203619953 0.71640625 0.017851096212812046 0.1140625
1 0.17743257006740767 0.521875 0.014626102262936324 0.096875