0 0.93828125 0.50859375 0.009375 0.096875
0 0.91484375 0.39609375 0.009375 0.0953125
1 0.9 0.44453125 0.0203125 0.1890625
1 0.87421875 0.5609375 0.0140625 0.0625
1 0.83046875 0.575 0.0125 0.0828125
1 0.79296875 0.715625 0.0140625 0.084375
0 0.7734375 0.7390625 0.0078125 0.11875
0 0.76171875 0.53046875 0.0078125 0.115625
0 0.725 0.4484375 0.0078125 0.0890625
1 0.6234375 0.2765625 0.0109375 0.0359375
0 0.5140625 0.5 0.0109375 0.1109375
1 0.48515625 0.35625 0.0125 0.0890625
0 0.44140625 0.36640625 0.009375 0.1125
1 0.3125 0.19453125 0.015625 0.0875
0 0.25234375 0.30234375 0.009375 0.034375
1 0.12265625 0.38984375 0.015625 0.071875
1 0.0234375 0.5 0.0171875 0.1078125