0 0.8671875 0.70859375 0.0140625 0.0578125
0 0.7015625 0.7203125 0.0140625 0.0765625
0 0.62578125 0.6765625 0.0171875 0.10390625
0 0.61875 0.5921875 0.01484375 0.1203125
0 0.584375 0.4515625 0.0140625 0.09453125
0 0.57890625 0.38125 0.015625 0.140625
1 0.56484375 0.4328125 0.01015625 0.22421875
1 0.49609375 0.58046875 0.0140625 0.0765625
0 0.45390625 0.71953125 0.0125 0.065625
0 0.43046875 0.6234375 0.01484375 0.10234375
0 0.4140625 0.54765625 0.0109375 0.134375
0 0.12734375 0.55859375 0.01328125 0.0890625