1 0.987916072994274 0.4713882876564776 0.0200226502711466 0.2188590843089555
1 0.9668445280111259 0.6017388629884426 0.01447156615858276 0.07039431323171659
1 0.9182979437021703 0.6202070618569745 0.020912463699254858 0.10324317466803504
1 0.8806792481532882 0.7746809384186035 0.019704487703359773 0.16417158430895534
0 0.8601076729195192 0.8190940137505685 0.013399945548881931 0.15476022287263688
0 0.836443955704223 0.5892610680052945 0.01684310811666876 0.20946590359079628
0 0.5359722987937772 0.40000662870292825 0.019322692622015934 0.09854658430895533
1 0.5086376391528568 0.39828504741903503 0.017796554058334378 0.10478749394987581
0 0.4523240066392994 0.40889529449216877 0.03202268052176756 0.13299430718159239
1 0.2924864400879331 0.2188964875069681 0.01623405405833438 0.10477840359079611
0 0.22609784992524523 0.3497646924256242 0.012763620413308896 0.04538522287263689
1 0.0761927778147341 0.46686531313352064 0.014535198672140126 0.0813318132317166
0 0.5531047357584523 0.543861167832344 0.016606758780598696 0.16884090359079612