1 0.9598456151487517 0.45625 0.015453324939181456 0.2390625
1 0.944156461754347 0.6015625 0.011392017953981082 0.078125
1 0.8979490822658519 0.62109375 0.013127234776493423 0.1078125
1 0.869628118664793 0.7890625 0.015089710575996663 0.1765625
0 0.8521679078924045 0.8359375 0.011910168421519174 0.1671875
0 0.8185388382177802 0.5734375 0.012146517757589237 0.2078125
0 0.7721501724285398 0.48984375 0.01341812626704133 0.1578125
1 0.6438307714700222 0.2546875 0.012745439695149584 0.0421875
0 0.5461462086310892 0.528125 0.018260162371394984 0.184375
0 0.523713193309387 0.35546875 0.016143150467538094 0.0890625
1 0.4971234222321481 0.36015625 0.016252234776493603 0.1078125
0 0.44547910900043153 0.37421875 0.024219270880847077 0.134375
1 0.28814891891249844 0.15703125 0.01935905405833438 0.1046875
0 0.2287188558771736 0.30078125 0.01280907220870695 0.053125
1 0.0905052626894236 0.4234375 0.019286331185697447 0.0921875