0 0.06301554606330259 0.5831988402608838 0.03139648750696813 0.2939227168225127
0 0.45731499190677233 0.6253379059284873 0.036247613970401285 0.32207498789975164
0 0.5054565343558377 0.8107805022394953 0.03751922247985355 0.27208407825883113
0 0.8415990883159761 0.6431991342620732 0.027507897344280254 0.1626545361043535
0 0.7318933319712644 0.43083496876742033 0.026109023807713426 0.19077044574527377
0 0.918828687946634 0.7975599022160541 0.02609993344863355 0.18920794574527378
0 0.38847915437636305 0.5054021349494443 0.024601065962191093 0.20013635538619426
1 0.11412404899016884 0.5272442769309713 0.024191999803608245 0.12982385538619426
1 0.20106655454931371 0.2207084515008105 0.02081246974937896 0.08605567466803503
1 0.3181171782822723 0.3792072736113216 0.02280221662612103 0.15950226502711465
1 0.5697018832991242 0.5111441166026799 0.024491981653235583 0.18138635538619424
1 0.636635374125742 0.4209054568635636 0.030232921544777015 0.0939227168225127
1 0.6637932926454571 0.3187162429679172 0.033921523807713426 0.19081589754067202
0 0.7736308591968233 0.5084241584625699 0.028915861239926777 0.13610112646343317