0 0.875 0.48125 0.009375 0.1
1 0.83203125 0.4140625 0.009375 0.1875
1 0.81640625 0.546875 0.009375 0.0703125
1 0.77578125 0.56328125 0.0125 0.090625
1 0.75 0.7046875 0.009375 0.153125
0 0.73359375 0.74296875 0.009375 0.1375
0 0.72109375 0.59921875 0.015625 0.1
0 0.703125 0.528125 0.009375 0.18125
1 0.52109375 0.35625 0.0125 0.0875
1 0.51171875 0.46328125 0.0109375 0.096875
0 0.46015625 0.496875 0.0109375 0.15
1 0.41796875 0.3625 0.009375 0.084375
0 0.37109375 0.38125 0.021875 0.1125
1 0.065625 0.43515625 0.009375 0.071875