1 0.56171875 0.4446742340891226 0.0375 0.22521816861791083
1 0.50078125 0.5966634600850175 0.0375 0.21584316861791084
1 0.37109375 0.7435652102814092 0.01875 0.11104658430895534
1 0.209375 0.5941868581166687 0.0296875 0.2579852168225127
1 0.7921875 0.12101506205336618 0.01875 0.10948408430895543
1 0.63125 0.21461000506816558 0.0328125 0.12519089754067192
0 0.0875 0.4966028101084586 0.01875 0.17979658430895534
0 0.29453125 0.6774947826865079 0.021875 0.19075226502711473
0 0.71484375 0.28228383927892514 0.0234375 0.18919885538619424
0 0.86484375 0.3159690137505684 0.025 0.21264544574527386
1 0.83203125 0.20718436620989644 0.01875 0.14073408430895543
0 0.16015625 0.6657755118056607 0.0203125 0.20949317466803502
0 0.025 0.3688954457452739 0.0203125 0.13136817466803502