0 0.87890625 0.46953125 0.009375 0.090625
1 0.84140625 0.41015625 0.0125 0.175
1 0.8265625 0.5265625 0.009375 0.0609375
1 0.78828125 0.540625 0.009375 0.0875
1 0.76484375 0.671875 0.0109375 0.1390625
0 0.75 0.70625 0.0125 0.1234375
0 0.721875 0.5109375 0.0078125 0.1703125
0 0.68359375 0.4484375 0.00625 0.121875
0 0.49921875 0.48671875 0.009375 0.140625
1 0.46171875 0.36328125 0.009375 0.08125
0 0.41953125 0.371875 0.015625 0.1
1 0.31953125 0.153125 0.01875 0.084375
1 0.2953125 0.21796875 0.0109375 0.075
1 0.0578125 0.53125 0.0109375 0.1015625
1 0.13984375 0.4234375 0.0109375 0.0671875