1 0.9380772378015557 0.09921875 0.012718168617910664 0.0375
0 0.9654982558537325 0.1125 0.014907903394404443 0.1453125
1 0.9251414214465811 0.15859375 0.014453385440423716 0.0671875
1 0.8293577854169826 0.48046875 0.013118144417413902 0.10625
1 0.8691873789975159 0.34375 0.016243144417413903 0.10625
1 0.7691566045024315 0.60703125 0.014689734776493601 0.1078125
0 0.6451832941975811 0.64921875 0.014853361239926777 0.1359375
1 0.5723038095192834 0.4765625 0.014462475799503239 0.06875
1 0.5663674269075303 0.53046875 0.014644282981095458 0.1
0 0.5281048785065365 0.66796875 0.014762457649130489 0.1203125
0 0.41803849033563856 0.41484375 0.01282725292686635 0.05625
0 0.46249299316430886 0.5359375 0.013209048008210189 0.121875
0 0.3673930748409856 0.30390625 0.016361319085449112 0.1265625
0 0.3238879936552882 0.21171875 0.013181776930971268 0.1171875
1 0.31027546642972925 0.2890625 0.017088547811818434 0.2515625
1 0.29393791500367356 0.43515625 0.01280907220870695 0.053125
0 0.2666168909013725 0.4390625 0.016315867290050967 0.11875
1 0.23853734269677068 0.446875 0.014626102262936235 0.096875
1 0.20918216168402384 0.63828125 0.015226065962191093 0.2
0 0.18762532425181044 0.69296875 0.01823289129415606 0.1796875
0 0.16216574023744265 0.4796875 0.013136325135573213 0.109375
1 0.021148813035324832 0.14375 0.017760192622015912 0.0984375
0 0.14140326746300155 0.40234375 0.018687409248136923 0.2578125
0 0.08199138514583597 0.26171875 0.018251072012315284 0.1828125