1 0.884375 0.42858264323906364 0.0125 0.21101022287263688
1 0.87109375 0.5605366251868868 0.0109375 0.06881363251355736
1 0.8265625 0.5727775499531178 0.009375 0.10161704215447767
1 0.80234375 0.7265428993873837 0.0109375 0.15943863251355736
0 0.784375 0.7670633602579681 0.0140625 0.1516443132317164
0 0.753125 0.5371940530763757 0.0140625 0.1891443132317164
0 0.709375 0.4564707730221464 0.0125 0.1375727228726369
0 0.51015625 0.49984300223949524 0.0125 0.1578852228726369
0 0.42578125 0.3813833728491958 0.021875 0.09387726502711473
1 0.1359375 0.41329086123992675 0.0109375 0.06881363251355736
1 0.05 0.5307596414905478 0.0125 0.1125727228726369