0 0.94453125 0.21403612793637108 0.0203125 0.16730567466803503
0 0.98984375 0.36689750752306216 0.01875 0.18604658430895543
1 0.715625 0.24974286554153508 0.0171875 0.06103749394987581
1 0.62890625 0.4479036304704539 0.0203125 0.11730567466803503
1 0.61640625 0.5284451033430908 0.0234375 0.14232385538619424
1 0.55390625 0.6272462177062754 0.021875 0.12356476502711473
1 0.53125 0.6945655279129299 0.0203125 0.07980567466803504
1 0.3890625 0.7922677505891752 0.021875 0.08450226502711473
0 0.29921875 0.7154466962362532 0.0234375 0.15794885538619424
1 0.21171875 0.5753307563447118 0.0234375 0.11732385538619425
0 0.06796875 0.5480420693800367 0.0390625 0.19710225897699055