1 0.9828125 0.3953125 0.0234375 0.2125
1 0.96875 0.5234375 0.015625 0.06875
1 0.92265625 0.54375 0.021875 0.1
1 0.89453125 0.696875 0.021875 0.159375
0 0.87734375 0.740625 0.015625 0.1515625
0 0.84140625 0.51796875 0.01875 0.203125
0 0.5390625 0.35234375 0.0203125 0.0953125
1 0.5125 0.3515625 0.01875 0.103125
0 0.4578125 0.365625 0.0328125 0.1296875
1 0.2921875 0.18984375 0.015625 0.1015625
0 0.23515625 0.32109375 0.0125 0.0453125
1 0.09609375 0.44296875 0.015625 0.0796875
0 0.5640625 0.49140625 0.01875 0.1640625