0 0.9168850564942213 0.49047411006157643 0.011564734776493779 0.10787613251355736
1 0.8735254210537977 0.4230366251868869 0.01218287919390768 0.21412613251355736
1 0.8633787822937243 0.5589104926733295 0.009802246876741805 0.07349204215447784
1 0.8236622973208391 0.5805536885167993 0.008285198672140125 0.08129545179539814
1 0.8019196284083406 0.7374531283101449 0.011782903394404442 0.14537613251355735
0 0.7896332518467117 0.7740991554375078 0.013309041958085998 0.13913522287263688
0 0.7821065772768725 0.6889019988216496 0.012872704722264317 0.06413522287263689
0 0.7698878575274936 0.6028963211285525 0.012954517953980903 0.07819772287263689
0 0.7515645835233885 0.541854281999137 0.015198794884952172 0.1953943132317164
0 0.7065969962875668 0.4665952067653678 0.01333631303532492 0.1438227228726369
0 0.5099856167008758 0.5107623215213359 0.015016987703359774 0.16414431323171658
0 0.48571180366555095 0.3668759661351417 0.017742011903856714 0.0954124939498758
1 0.46226521330647136 0.36517711074894743 0.011519282981095457 0.10006363251355736
0 0.4154720265381878 0.37896689997655886 0.025672686571891746 0.11577044574527387
1 0.2682783430895541 0.18905445140261462 0.011473831185697492 0.09225113251355736
1 0.1088089360809124 0.440461894417414 0.009847698672140127 0.08130454215447766
1 0.02599695696175951 0.5743505602066545 0.014744276930971334 0.11726931323171641