1 0.8859375 0.16796875 0.01171875 0.03359375
0 0.91171875 0.1796875 0.009375 0.134375
1 0.8734375 0.22265625 0.01171875 0.0609375
1 0.77734375 0.51640625 0.009375 0.09765625
1 0.8171875 0.39140625 0.01328125 0.09765625
1 0.7203125 0.6328125 0.0109375 0.0984375
0 0.6046875 0.66953125 0.0109375 0.125
1 0.54140625 0.509375 0.0109375 0.06328125
1 0.534375 0.55859375 0.0109375 0.09140625
0 0.49609375 0.68515625 0.0109375 0.1109375
0 0.4 0.45 0.01015625 0.05078125
0 0.43828125 0.5625 0.01015625 0.1125
0 0.35546875 0.346875 0.0125 0.11640625
0 0.3171875 0.2609375 0.009375 0.1078125
1 0.30390625 0.3328125 0.01015625 0.23203125
1 0.28515625 0.46640625 0.0109375 0.0484375
0 0.26015625 0.4703125 0.0125 0.109375
1 0.23359375 0.4765625 0.0109375 0.08828125
1 0.203125 0.6515625 0.01015625 0.184375
0 0.18203125 0.70234375 0.0125 0.165625
0 0.16328125 0.5046875 0.009375 0.1
1 0.040625 0.19375 0.0140625 0.090625
0 0.1453125 0.434375 0.01171875 0.23671875
0 0.09296875 0.30390625 0.0125 0.16796875