0 0.98125 0.5353962455019999 0.0109375 0.13600113251355736
0 0.95 0.3930269383204076 0.0109375 0.12350113251355736
1 0.9328125 0.45777069437053175 0.01875 0.25479658430895535
1 0.9078125 0.6123127486252579 0.0140625 0.08601931323171659
1 0.85625 0.6299815167756305 0.015625 0.11259090359079629
1 0.815625 0.8094326674395604 0.0171875 0.1969749939498758
0 0.796875 0.859323583130605 0.0078125 0.17348295179539833
0 0.78828125 0.6545860861556672 0.0078125 0.08285795179539815
0 0.77421875 0.5646605229239505 0.0078125 0.18285795179539815
0 0.72890625 0.48549065251064166 0.009375 0.14224204215447767
1 0.609375 0.25901399004105097 0.0140625 0.042269313231716586
1 0.4625 0.37144074628756685 0.015625 0.10946590359079619
0 0.41484375 0.38131974033563854 0.0140625 0.1438318132317166
1 0.28046875 0.18756921945479138 0.015625 0.1063409035907962
1 0.09453125 0.4372687167243169 0.0109375 0.08443863251355736