0 0.8453125 0.66796875 0.0125 0.05
1 0.76875 0.68203125 0.0171875 0.084375
0 0.68828125 0.68828125 0.0140625 0.071875
0 0.56328125 0.4359375 0.015625 0.0890625
0 0.6015625 0.57421875 0.0203125 0.11875
0 0.553125 0.3671875 0.01875 0.146875
1 0.5421875 0.41640625 0.01875 0.225
0 0.50703125 0.53828125 0.0171875 0.084375
1 0.48203125 0.56796875 0.01875 0.075
1 0.46953125 0.61484375 0.0125 0.0703125
1 0.4609375 0.6578125 0.01875 0.11875
0 0.446875 0.709375 0.0140625 0.06875
0 0.41953125 0.62421875 0.0203125 0.1
0 0.4 0.55 0.0203125 0.1375