1 0.29817037616884556 0.22092908177487264 0.011428379390299347 0.08443863251355736
0 0.891771427005726 0.4604525856836975 0.011492011903856536 0.09537613251355737
1 0.8523816740788599 0.4044298446606879 0.011991981653235584 0.18131363251355737
1 0.8405543606507516 0.520127567533325 0.012872704722264317 0.06413522287263689
1 0.8015873094210875 0.5367610765103153 0.009893150467538447 0.08911704215447766
0 0.766613387483527 0.7025951547691466 0.01637949980360833 0.12977840359079612
0 0.7349947070599554 0.5051161667711991 0.015007897344280253 0.16258181323171658
0 0.6939651860809124 0.4358212661072692 0.011573825135573302 0.10943863251355737
0 0.5090725564942213 0.4822109736582039 0.0195499515990063 0.13760908430895533
1 0.46853339402463057 0.3629115278147341 0.00988406010845857 0.08755454215447767
0 0.4303021409995685 0.3717279916121847 0.017832915494652823 0.1110374939498758
1 0.1454776891059745 0.43041823214421504 0.009784066158582804 0.07036704215447767
1 0.06563617388246812 0.5386988856368153 0.01305451190385667 0.09538522287263689