1 0.8428808289462022 0.4130508657379268 0.010556746680350315 0.20317954215447767
1 0.8319791695016736 0.5412349530719444 0.009756795081343838 0.06567954215447766
1 0.7881519014494968 0.5547707331261736 0.006813602262936413 0.09691136143631844
1 0.7669758173369331 0.7033264077942086 0.008712445548882286 0.15473295179539814
0 0.749556513180403 0.7432701517440845 0.013354493753483965 0.14694772287263688
0 0.7172535941697087 0.5215905944642962 0.011991981653235584 0.18131363251355737
0 0.6739535669441497 0.4445013745185255 0.010156770880847077 0.13442954215447767
0 0.4814933561717612 0.4924944886853185 0.010265855189802586 0.15317954215447785
0 0.39777740720503346 0.3797041180756179 0.019277240826617793 0.09073408430895542
1 0.11787173858712263 0.4188312923508694 0.009756795081343927 0.06567954215447766
1 0.036725756835691126 0.5357056958434697 0.011573825135573234 0.10943863251355737