0.0 0.08820454031229019 0.7274673581123352 0.04527856037020683 0.21700195968151093
0.0 0.004441246856004 0.5431771874427795 0.008882493712008 0.08462129533290863
0.0 0.42522576451301575 0.5278083086013794 0.0328892283141613 0.1426551192998886
0.0 0.42982059717178345 0.4323676526546478 0.05033627152442932 0.22500689327716827
0.0 0.6570793986320496 0.48030000925064087 0.03245822340250015 0.14839047193527222
0.0 0.15536247193813324 0.7174389362335205 0.04527856037020683 0.21700195968151093
1.0 0.7475501894950867 0.25226613879203796 0.027795866131782532 0.10854603350162506
0.0 0.40158236026763916 0.5768210887908936 0.029836423695087433 0.15669861435890198
0.0 0.24881099164485931 0.5003309845924377 0.022738130763173103 0.10054110735654831
0.0 0.18835383653640747 0.5146650671958923 0.022935811430215836 0.08462129533290863
