0.0 0.9379826188087463 0.41235342621803284 0.040566325187683105 0.3803836703300476
1.0 0.2693899869918823 0.639092206954956 0.025051504373550415 0.31467753648757935
1.0 0.7834481000900269 0.5987193584442139 0.022467613220214844 0.19960814714431763
1.0 0.4501207172870636 0.8837449550628662 0.021449804306030273 0.17407619953155518
1.0 0.13026820123195648 0.7324594259262085 0.023213684558868408 0.2135390043258667
1.0 0.11188321560621262 0.5502835512161255 0.016087234020233154 0.26023539900779724
1.0 0.19632302224636078 0.5556246042251587 0.01879829168319702 0.20159393548965454
1.0 0.23681104183197021 0.28850921988487244 0.034191980957984924 0.4010359048843384
0.0 0.8568249940872192 0.7618221044540405 0.023893296718597412 0.16571038961410522
1.0 0.6982654333114624 0.6360201835632324 0.017009258270263672 0.15280556678771973
0.0 0.6067478656768799 0.7485374212265015 0.029041767120361328 0.12294381856918335
0.0 0.39388301968574524 0.8697594404220581 0.02277320623397827 0.15168136358261108
1.0 0.3282904028892517 0.8620195388793945 0.021045774221420288 0.16214460134506226
0.0 0.17653226852416992 0.5730235576629639 0.01601390540599823 0.13555997610092163
