0.0 0.8852652311325073 0.34266340732574463 0.03635615110397339 0.3092540502548218
1.0 0.24949190020561218 0.5714242458343506 0.026668861508369446 0.2680824398994446
1.0 0.7403131127357483 0.5049512982368469 0.01897263526916504 0.16617345809936523
1.0 0.41655948758125305 0.7706208825111389 0.02049309015274048 0.15089213848114014
1.0 0.1101444810628891 0.6603769063949585 0.026091448962688446 0.18419206142425537
1.0 0.10059140622615814 0.5049009919166565 0.019864268600940704 0.22096076607704163
1.0 0.1821940839290619 0.5039956569671631 0.020492181181907654 0.1704193651676178
1.0 0.23148100078105927 0.279018759727478 0.035964399576187134 0.3293372094631195
0.0 0.8078795075416565 0.6382126212120056 0.021376729011535645 0.13970637321472168
1.0 0.6596333980560303 0.5413491725921631 0.013799726963043213 0.1280684471130371
0.0 0.5706877708435059 0.6428049802780151 0.0264320969581604 0.10359948873519897
0.0 0.3623183071613312 0.7621667385101318 0.022329866886138916 0.131239116191864
1.0 0.2986348867416382 0.7599425315856934 0.021324753761291504 0.14070183038711548
0.0 0.16233345866203308 0.5197798013687134 0.01721377670764923 0.11467644572257996
