0.0 0.8194359540939331 0.449695885181427 0.059495702385902405 0.2676766812801361
1.0 0.17735840380191803 0.5773155093193054 0.04414092004299164 0.2274472713470459
1.0 0.6612838506698608 0.5725141167640686 0.03284089267253876 0.1412573903799057
1.0 0.3261255919933319 0.7604767680168152 0.031089873984456062 0.12533387541770935
1.0 0.03442152962088585 0.6381483674049377 0.036173462867736816 0.1549951732158661
1.0 0.03411521017551422 0.505156934261322 0.03163987025618553 0.18831820785999298
1.0 0.1153431087732315 0.5132836699485779 0.031609732657670975 0.14662781357765198
1.0 0.17912063002586365 0.3236808478832245 0.05834656208753586 0.29036015272140503
0.0 0.713569700717926 0.6910765767097473 0.0320584736764431 0.11757490783929825
1.0 0.5794075131416321 0.5957424640655518 0.02464091032743454 0.10810713469982147
0.0 0.48529815673828125 0.670808732509613 0.03426361456513405 0.08792854845523834
0.0 0.2742691934108734 0.7483277916908264 0.031095298007130623 0.10881691426038742
1.0 0.21266700327396393 0.7399418354034424 0.030214332044124603 0.11737211048603058
0.0 0.09440410137176514 0.5254854559898376 0.02359033189713955 0.09855304658412933
