0.0 0.20058585703372955 0.5283330678939819 0.0387398824095726 0.2999463975429535
0.0 0.1422233283519745 0.7980286478996277 0.02068297564983368 0.14183087646961212
1.0 0.0857706293463707 0.6926168203353882 0.02581310085952282 0.1863030642271042
1.0 0.6375512480735779 0.27346381545066833 0.023931462317705154 0.22065041959285736
0.0 0.7027484774589539 0.37029099464416504 0.015755854547023773 0.10228501260280609
0.0 0.7834928035736084 0.22221529483795166 0.017718462273478508 0.14990516006946564
1.0 0.5110002160072327 0.3938198983669281 0.023918135091662407 0.14032495021820068
1.0 0.3978370428085327 0.35736221075057983 0.018841782584786415 0.2171621173620224
1.0 0.23730336129665375 0.4157916009426117 0.015011478215456009 0.08422216773033142
1.0 0.017831925302743912 0.7299588918685913 0.01876085065305233 0.13519449532032013
