0.0 0.8895753026008606 0.38362637162208557 0.04044687747955322 0.3386668562889099
1.0 0.25709760189056396 0.6000396609306335 0.021896809339523315 0.2742860019207001
1.0 0.7406371831893921 0.5535433888435364 0.02182149887084961 0.1773865520954132
1.0 0.4242657423019409 0.8120229244232178 0.01974162459373474 0.15366309881210327
1.0 0.1292314976453781 0.6837652921676636 0.020087331533432007 0.18538600206375122
1.0 0.11342407763004303 0.5260336995124817 0.013272978365421295 0.22502323985099792
1.0 0.19036540389060974 0.5287017226219177 0.016309335827827454 0.1747910976409912
1.0 0.22855961322784424 0.2962188124656677 0.029691055417060852 0.3461606502532959
0.0 0.811655580997467 0.6979299783706665 0.023454904556274414 0.1482449173927307
1.0 0.6591083407402039 0.5884960889816284 0.016283273696899414 0.13544797897338867
0.0 0.5720662474632263 0.6900876760482788 0.02746450901031494 0.10862630605697632
0.0 0.37172752618789673 0.8002928495407104 0.020844995975494385 0.1334896683692932
1.0 0.31074801087379456 0.7942500710487366 0.018999993801116943 0.14232409000396729
0.0 0.17219436168670654 0.5441969037055969 0.014006748795509338 0.11741778254508972
