1.0 0.01102866418659687 0.5733504891395569 0.02205732837319374 0.18237733840942383
1.0 0.04678550735116005 0.6155511736869812 0.031800542026758194 0.1323482245206833
0.0 0.26784560084342957 0.4592001438140869 0.06839825212955475 0.2933834493160248
0.0 0.17231696844100952 0.7094467878341675 0.0341099314391613 0.1389310359954834
1.0 0.15060748159885406 0.5985087752342224 0.043792396783828735 0.18237733840942383
1.0 0.6425512433052063 0.2859469950199127 0.046902358531951904 0.21542952954769135
0.0 0.6724317073822021 0.3900599777698517 0.025226987898349762 0.1002659872174263
0.0 0.7611607909202576 0.26072853803634644 0.03295573219656944 0.14648382365703583
1.0 0.5250486731529236 0.38097766041755676 0.03633012995123863 0.1377531737089157
1.0 0.4477846920490265 0.32710012793540955 0.04263923317193985 0.2116183638572693
1.0 0.31691887974739075 0.3568221628665924 0.02229543775320053 0.08273505419492722
1.0 0.09278976172208786 0.6232442259788513 0.031800542026758194 0.1323482245206833
