0.0 0.20935778319835663 0.502292811870575 0.03105921484529972 0.28484347462654114
0.0 0.14916279911994934 0.7575409412384033 0.01692512445151806 0.13464432954788208
1.0 0.09777255356311798 0.6562701463699341 0.020949164405465126 0.17688894271850586
1.0 0.6271193027496338 0.2683299779891968 0.018524687737226486 0.20962727069854736
0.0 0.686934769153595 0.36160674691200256 0.013001028448343277 0.09708624333143234
0.0 0.7660148739814758 0.22238855063915253 0.013967412523925304 0.1423884481191635
1.0 0.5052614808082581 0.38032931089401245 0.020016072317957878 0.13314884901046753
1.0 0.3989836275577545 0.3435250520706177 0.013771559111773968 0.20640304684638977
1.0 0.2461620569229126 0.3960149884223938 0.012634526938199997 0.07990261912345886
1.0 0.03286227583885193 0.6904747486114502 0.015229690819978714 0.12836240231990814
