0.0 0.200402170419693 0.4790998697280884 0.03163383901119232 0.2893953025341034
0.0 0.12207868695259094 0.7395086288452148 0.018795818090438843 0.1433219313621521
1.0 0.0687219649553299 0.630766749382019 0.023764990270137787 0.183685302734375
1.0 0.6827471256256104 0.2548906207084656 0.023734867572784424 0.21013030409812927
0.0 0.7545161247253418 0.35024723410606384 0.017134487628936768 0.09951919317245483
0.0 0.8456707000732422 0.21110960841178894 0.02026975154876709 0.142934188246727
1.0 0.5410536527633667 0.36401090025901794 0.022730648517608643 0.13502895832061768
1.0 0.4192219376564026 0.3244107961654663 0.012500017881393433 0.20631900429725647
1.0 0.2454596757888794 0.37145549058914185 0.012873515486717224 0.07965037226676941
1.0 0.0017557969549670815 0.6624672412872314 0.003511593909934163 0.13351035118103027
