0.0 0.7488934397697449 0.3482493758201599 0.07328475266695023 0.259670615196228
1.0 0.2677016258239746 0.6343199610710144 0.05699467286467552 0.220316082239151
1.0 0.6550160050392151 0.5042292475700378 0.039861567318439484 0.13710640370845795
1.0 0.43656590580940247 0.7671112418174744 0.03697320446372032 0.12175070494413376
1.0 0.16932496428489685 0.7283450365066528 0.04385233297944069 0.15044757723808289
1.0 0.1332109272480011 0.6039712429046631 0.04315238818526268 0.1821625679731369
1.0 0.20063160359859467 0.5904943943023682 0.03933699056506157 0.1421920359134674
1.0 0.2007109671831131 0.39651140570640564 0.07440180331468582 0.28135865926742554
0.0 0.7289799451828003 0.6016097068786621 0.03706459701061249 0.1143617033958435
1.0 0.5955311059951782 0.5472164750099182 0.030101366341114044 0.10490505397319794
0.0 0.5402035117149353 0.6418884992599487 0.036183230578899384 0.08605235815048218
0.0 0.39164677262306213 0.7692010402679443 0.035475898534059525 0.10591600835323334
1.0 0.33991631865501404 0.7773416042327881 0.035528991371393204 0.11407285928726196
0.0 0.18710769712924957 0.607347309589386 0.028368376195430756 0.09569166600704193
