0.0 0.7984736561775208 0.39171749353408813 0.0324258878827095 0.25626397132873535
1.0 0.2715362310409546 0.5673769116401672 0.021643346175551414 0.21781286597251892
1.0 0.6752214431762695 0.52272629737854 0.0181416105479002 0.13512229919433594
1.0 0.40766605734825134 0.729996919631958 0.017735667526721954 0.11914703249931335
1.0 0.15684552490711212 0.6374408006668091 0.019878575578331947 0.14835494756698608
1.0 0.14744195342063904 0.5107068419456482 0.01441795565187931 0.18153448402881622
1.0 0.21544258296489716 0.5117395520210266 0.016162529587745667 0.13993096351623535
1.0 0.2559686601161957 0.32441675662994385 0.029486343264579773 0.2784014940261841
0.0 0.7264695763587952 0.6310626268386841 0.018943287432193756 0.1115422323346138
1.0 0.6085821390151978 0.5509193539619446 0.01384319830685854 0.1037771999835968
0.0 0.5343117117881775 0.6310455799102783 0.02312570810317993 0.08318909257650375
0.0 0.3636710047721863 0.722623884677887 0.018749164417386055 0.10390181839466095
1.0 0.31184300780296326 0.7199169993400574 0.017541544511914253 0.1115066185593605
0.0 0.19898760318756104 0.5245270133018494 0.013596081174910069 0.09405310451984406
