0.0 0.8122748732566833 0.29869288206100464 0.08239855617284775 0.28781184554100037
1.0 0.28052330017089844 0.6167445778846741 0.06358413398265839 0.24355348944664001
1.0 0.7093836665153503 0.47188547253608704 0.04458526894450188 0.15194624662399292
1.0 0.4675992429256439 0.7631142735481262 0.041209787130355835 0.1342974305152893
1.0 0.17239083349704742 0.7209435105323792 0.048908308148384094 0.16681928932666779
1.0 0.13186872005462646 0.5839288830757141 0.04904661327600479 0.20233087241649628
1.0 0.20615413784980774 0.5689260363578796 0.0433105006814003 0.15687739849090576
1.0 0.20551715791225433 0.35349172353744507 0.08325811475515366 0.31163302063941956
0.0 0.791069746017456 0.578755795955658 0.04113016277551651 0.12615014612674713
1.0 0.6435641050338745 0.5186764597892761 0.03414444997906685 0.11668206751346588
0.0 0.5818454027175903 0.6243388652801514 0.04048444703221321 0.09571638703346252
0.0 0.41793587803840637 0.7654539346694946 0.039515815675258636 0.11770933866500854
1.0 0.36085906624794006 0.7747793197631836 0.03959544375538826 0.12585662305355072
0.0 0.19129367172718048 0.5868809819221497 0.03208978474140167 0.10593929141759872
