0.0 0.8457018733024597 0.3698757588863373 0.03966083750128746 0.2375503033399582
1.0 0.25191256403923035 0.5694928765296936 0.0268999170511961 0.20176321268081665
1.0 0.7128901481628418 0.49953794479370117 0.0221139844506979 0.12528038024902344
1.0 0.4193706512451172 0.7098464965820312 0.02150076813995838 0.11051099002361298
1.0 0.1248224675655365 0.6423109769821167 0.0242339838296175 0.13754823803901672
1.0 0.10544873774051666 0.5260425806045532 0.018252726644277573 0.1680699735879898
1.0 0.18367837369441986 0.5221515893936157 0.019880246371030807 0.1296749711036682
1.0 0.2175988256931305 0.34642088413238525 0.03648011013865471 0.257931649684906
0.0 0.7791165709495544 0.5958500504493713 0.022821085527539253 0.10351429134607315
1.0 0.6382004618644714 0.5302987694740295 0.016880499199032784 0.09621617943048477
0.0 0.5582494139671326 0.6095222234725952 0.027375400066375732 0.07742056250572205
0.0 0.3683044910430908 0.7061772346496582 0.02252783440053463 0.09645060449838638
1.0 0.30855050683021545 0.7073713541030884 0.021207517012953758 0.10344730317592621
0.0 0.1656292825937271 0.535122811794281 0.016507212072610855 0.08722609281539917
