0.0 0.8140791654586792 0.39516696333885193 0.042038142681121826 0.2798522114753723
1.0 0.2403290867805481 0.6088605523109436 0.022805199027061462 0.2301921546459198
1.0 0.6750679016113281 0.5434277653694153 0.022341787815093994 0.14502477645874023
1.0 0.3849741518497467 0.7747341394424438 0.019484400749206543 0.12476444244384766
1.0 0.11897929012775421 0.6876179575920105 0.019994832575321198 0.15460073947906494
1.0 0.1083272397518158 0.5542352199554443 0.013277590274810791 0.19131147861480713
1.0 0.18064594268798828 0.5523905754089355 0.01714281737804413 0.14859706163406372
1.0 0.22323733568191528 0.3500734567642212 0.031011521816253662 0.30045080184936523
0.0 0.7291715145111084 0.6579363346099854 0.02320033311843872 0.11915677785873413
1.0 0.6018810272216797 0.5776878595352173 0.016200602054595947 0.110470712184906
0.0 0.5213989019393921 0.6656453609466553 0.025738179683685303 0.08748447895050049
0.0 0.3381991386413574 0.7688242197036743 0.020346760749816895 0.10781580209732056
1.0 0.28319209814071655 0.7677593231201172 0.018612205982208252 0.11646491289138794
0.0 0.16305086016654968 0.5674735307693481 0.013536453247070312 0.09945821762084961
