0.0 0.8154200315475464 0.3915630578994751 0.02912980318069458 0.26743265986442566
1.0 0.2502598762512207 0.6005994081497192 0.025423318147659302 0.23944565653800964
1.0 0.687989354133606 0.5335564613342285 0.01764434576034546 0.14362218976020813
1.0 0.40123385190963745 0.7719113826751709 0.019493818283081055 0.13186150789260864
1.0 0.12012249231338501 0.6836246252059937 0.024251647293567657 0.16483837366104126
1.0 0.11100339144468307 0.5433355569839478 0.017602190375328064 0.19952112436294556
1.0 0.18795490264892578 0.541284441947937 0.019808873534202576 0.15390372276306152
1.0 0.23417557775974274 0.3372913599014282 0.034264594316482544 0.29986611008644104
0.0 0.7437648177146912 0.647516131401062 0.01864326000213623 0.11975806951522827
1.0 0.6174618005752563 0.567383348941803 0.013464808464050293 0.11072492599487305
0.0 0.5392011404037476 0.656688928604126 0.024394452571868896 0.08972430229187012
0.0 0.352512001991272 0.7664222717285156 0.02107354998588562 0.11437958478927612
1.0 0.29472970962524414 0.766312301158905 0.019980549812316895 0.12409710884094238
0.0 0.1691695898771286 0.5566288828849792 0.01565411686897278 0.10343420505523682
