0.0 0.7254190444946289 0.45646440982818604 0.07303140312433243 0.24560678005218506
1.0 0.26203420758247375 0.5431452989578247 0.05775352194905281 0.20838335156440735
1.0 0.6002439260482788 0.5616423487663269 0.039508529007434845 0.12968075275421143
1.0 0.3437052071094513 0.7182011604309082 0.03636360913515091 0.11515682190656662
1.0 0.15496119856834412 0.5921834707260132 0.04344389960169792 0.14229938387870789
1.0 0.170810267329216 0.470174640417099 0.04452607408165932 0.17229604721069336
1.0 0.22650058567523956 0.4814734160900116 0.03934719040989876 0.13449081778526306
1.0 0.2938978374004364 0.31056714057922363 0.07506735622882843 0.2661198377609253
0.0 0.6224031448364258 0.6728752255439758 0.03605327010154724 0.10816815495491028
1.0 0.5403140783309937 0.5790752172470093 0.029906047508120537 0.09922339767217636
0.0 0.46558842062950134 0.6434805989265442 0.033864110708236694 0.08139251917600632
0.0 0.3089928925037384 0.7046027183532715 0.03432347998023033 0.10017993301153183
1.0 0.26702654361724854 0.69399493932724 0.03479112312197685 0.10789485275745392
0.0 0.21041791141033173 0.49167534708976746 0.028019119054079056 0.09050906449556351
