1.0 0.039716482162475586 0.8169382810592651 0.04672522842884064 0.12672339379787445
0.0 0.21917372941970825 0.5749316811561584 0.10106583684682846 0.2805212438106537
0.0 0.22474993765354156 0.8371223211288452 0.049921661615371704 0.13316302001476288
1.0 0.14965835213661194 0.7519285678863525 0.06435299664735794 0.17462080717086792
1.0 0.5651186108589172 0.2438947707414627 0.07022931426763535 0.20536136627197266
0.0 0.646367609500885 0.3192409574985504 0.03675955906510353 0.09621772170066833
0.0 0.6881039142608643 0.16466589272022247 0.04902874678373337 0.13983756303787231
1.0 0.47515538334846497 0.3828185200691223 0.05250684171915054 0.13250505924224854
1.0 0.36304959654808044 0.3737727999687195 0.06487073004245758 0.20108389854431152
1.0 0.22821944952011108 0.4628258943557739 0.03210577741265297 0.07967224717140198
1.0 0.0953693687915802 0.8012844920158386 0.04672522842884064 0.12672339379787445
