1.0 0.0021368388552218676 0.7986525297164917 0.004273677710443735 0.10492856055498123
0.0 0.1936119645833969 0.58299720287323 0.0890040248632431 0.23208490014076233
0.0 0.18055282533168793 0.8029263615608215 0.04442330077290535 0.11032669246196747
1.0 0.10620477795600891 0.7364888787269592 0.057013023644685745 0.14458557963371277
1.0 0.5886715054512024 0.2811174690723419 0.06096010282635689 0.16960062086582184
0.0 0.6703383326530457 0.3388581871986389 0.03286711499094963 0.07977250218391418
0.0 0.7263246774673462 0.20611155033111572 0.04285808652639389 0.11558382958173752
1.0 0.48209908604621887 0.404019296169281 0.04736653342843056 0.1100090816617012
1.0 0.36252421140670776 0.404104620218277 0.05533938482403755 0.1657550036907196
1.0 0.21145416796207428 0.48817768692970276 0.029077494516968727 0.06618888676166534
1.0 0.04439660161733627 0.7816833853721619 0.04140135645866394 0.10492856055498123
