0.0 0.8318455219268799 0.3329111337661743 0.05259201303124428 0.2889058291912079
1.0 0.26938962936401367 0.5928341746330261 0.03813725337386131 0.24517957866191864
1.0 0.7111839056015015 0.49422770738601685 0.028888823464512825 0.15240022540092468
1.0 0.43990492820739746 0.7582005262374878 0.02740221470594406 0.1344931274652481
1.0 0.15082600712776184 0.6849900484085083 0.031673941761255264 0.16732238233089447
1.0 0.12504854798316956 0.5444533824920654 0.027769172564148903 0.20411214232444763
1.0 0.20050537586212158 0.5374054312705994 0.02700548619031906 0.15765635669231415
1.0 0.22269704937934875 0.3231161832809448 0.05076742172241211 0.31349700689315796
0.0 0.781087338924408 0.6091510653495789 0.02824842929840088 0.12605805695056915
1.0 0.6407773494720459 0.5337818264961243 0.02208748646080494 0.11704131960868835
0.0 0.5682111382484436 0.6323104500770569 0.031048458069562912 0.0945889875292778
0.0 0.39027321338653564 0.7552652359008789 0.02753746323287487 0.11749371886253357
1.0 0.33252963423728943 0.7584909200668335 0.026691248640418053 0.12592878937721252
0.0 0.1838262528181076 0.5536848306655884 0.02118256874382496 0.10614132881164551
