1.0 0.4442366361618042 0.010286887176334858 0.08779043704271317 0.020573774352669716
0.0 0.3621094226837158 0.007324932608753443 0.05645400658249855 0.014649865217506886
0.0 0.3972416818141937 0.46211349964141846 0.14276684820652008 0.44762542843818665
1.0 0.5185201168060303 0.19843895733356476 0.08779043704271317 0.2716815769672394
0.0 0.419298380613327 0.1838141828775406 0.05645400658249855 0.14469978213310242
1.0 0.8913064002990723 0.5745342373847961 0.07644062489271164 0.2157178372144699
1.0 0.9187127947807312 0.5195284485816956 0.0635472759604454 0.16930049657821655
1.0 0.9937093257904053 0.5427252054214478 0.012581394985318184 0.2157178372144699
1.0 0.97235107421875 0.5058505535125732 0.05529781058430672 0.16930049657821655
1.0 0.9841982126235962 0.976820707321167 0.03160358592867851 0.046358536928892136
