0.0 0.8086299896240234 0.429470419883728 0.027999162673950195 0.29936453700065613
1.0 0.2426193505525589 0.6650792360305786 0.01959291100502014 0.25959205627441406
1.0 0.6804699301719666 0.5889955759048462 0.01634228229522705 0.1583121418952942
1.0 0.3981689512729645 0.8494936227798462 0.01683109998703003 0.1413499116897583
1.0 0.11729461699724197 0.7556540966033936 0.01938311755657196 0.17689532041549683
1.0 0.10239121317863464 0.604224681854248 0.011903412640094757 0.21663862466812134
1.0 0.17851926386356354 0.6015651226043701 0.015742748975753784 0.1674959659576416
1.0 0.2167612761259079 0.37645503878593445 0.02704104781150818 0.3324282765388489
0.0 0.7390334606170654 0.7136515378952026 0.017785370349884033 0.13087451457977295
1.0 0.6096107959747314 0.6268342733383179 0.012167394161224365 0.12147331237792969
0.0 0.532782256603241 0.7248057126998901 0.023116707801818848 0.0975446105003357
0.0 0.3496837019920349 0.8437738418579102 0.01853165030479431 0.12253707647323608
1.0 0.29251590371131897 0.8437647819519043 0.016996443271636963 0.13276070356369019
0.0 0.16049766540527344 0.618541955947876 0.012827202677726746 0.11238360404968262
