0.0 0.21682512760162354 0.4345007836818695 0.08478588610887527 0.28320226073265076
0.0 0.09880642592906952 0.6686943173408508 0.04226171597838402 0.13429823517799377
1.0 0.0724303126335144 0.5582360625267029 0.05426937714219093 0.1761879175901413
1.0 0.6776061058044434 0.3043309152126312 0.058179665356874466 0.20758956670761108
0.0 0.7140383124351501 0.40897858142852783 0.031248919665813446 0.09698934108018875
0.0 0.8233835697174072 0.29202139377593994 0.04086599871516228 0.1412695348262787
1.0 0.5330036878585815 0.38485005497932434 0.0449838861823082 0.13343459367752075
1.0 0.4382283389568329 0.324292927980423 0.05293567106127739 0.20354092121124268
1.0 0.2773822546005249 0.33972546458244324 0.02760111354291439 0.08019338548183441
1.0 0.010520235635340214 0.5763728618621826 0.021040471270680428 0.127858966588974
