0.0 0.8134653568267822 0.41441744565963745 0.02976083755493164 0.2844812870025635
1.0 0.2470380812883377 0.6139836311340332 0.0187818706035614 0.23968759179115295
1.0 0.6818809509277344 0.5608171820640564 0.016570687294006348 0.14898696541786194
1.0 0.3990105986595154 0.7914866805076599 0.016123145818710327 0.13056409358978271
1.0 0.12551994621753693 0.6921349167823792 0.018744535744190216 0.16209304332733154
1.0 0.1110830307006836 0.5524101257324219 0.011595994234085083 0.19929975271224976
1.0 0.1847498118877411 0.5529366135597229 0.01520933210849762 0.15452507138252258
1.0 0.2221105694770813 0.3455086946487427 0.02610178291797638 0.30907341837882996
0.0 0.7402294874191284 0.6805970668792725 0.01826953887939453 0.12297219038009644
1.0 0.6102587580680847 0.593562662601471 0.012042522430419922 0.11387741565704346
0.0 0.5328770875930786 0.6819363832473755 0.02271270751953125 0.09081035852432251
0.0 0.35138726234436035 0.7838921546936035 0.01786366105079651 0.11295068264007568
1.0 0.29544705152511597 0.7811523675918579 0.01635149121284485 0.12213969230651855
0.0 0.16727036237716675 0.5679457783699036 0.012407377362251282 0.10354840755462646
