0.0 0.8530486822128296 0.4345843195915222 0.13667364418506622 0.3298017680644989
1.0 0.2330518364906311 0.48687759041786194 0.11012168228626251 0.27841097116470337
1.0 0.671741783618927 0.5603476166725159 0.07313163578510284 0.17423342168331146
1.0 0.3092844784259796 0.7359816431999207 0.06626181304454803 0.15419414639472961
1.0 0.08526100218296051 0.5384478569030762 0.08025297522544861 0.1912834793329239
1.0 0.12660513818264008 0.3754134178161621 0.08808150887489319 0.2308734655380249
1.0 0.1970503181219101 0.39858949184417725 0.07305292785167694 0.17958863079547882
1.0 0.31487560272216797 0.17666949331760406 0.14261583983898163 0.35333898663520813
0.0 0.6814272999763489 0.7136130332946777 0.0644225925207138 0.14510591328144073
1.0 0.5909212231636047 0.5745088458061218 0.05607493221759796 0.13378649950027466
0.0 0.4811907708644867 0.6517844200134277 0.05723850801587105 0.11111895740032196
0.0 0.2664136290550232 0.7125217914581299 0.061137016862630844 0.13552182912826538
1.0 0.21349719166755676 0.6924338340759277 0.06297624111175537 0.14461007714271545
0.0 0.17474259436130524 0.4094417691230774 0.051893267780542374 0.12158865481615067
