0.0 0.005111268255859613 0.9302636981010437 0.010222536511719227 0.129830002784729
1.0 0.01602785661816597 0.8200398087501526 0.03205571323633194 0.17021073400974274
1.0 0.06737467646598816 0.8314028978347778 0.0500778928399086 0.12352382391691208
0.0 0.22923876345157623 0.5887670516967773 0.10864384472370148 0.27335456013679504
0.0 0.2459629625082016 0.8455876111984253 0.05339040607213974 0.129830002784729
1.0 0.17014816403388977 0.7643561363220215 0.06897503137588501 0.17021073400974274
1.0 0.5471435189247131 0.2538292407989502 0.07602516561746597 0.19998161494731903
0.0 0.6284450888633728 0.3252222239971161 0.039220452308654785 0.09383384138345718
0.0 0.661827802658081 0.1724507063627243 0.05289560183882713 0.13621710240840912
1.0 0.4667631685733795 0.39271923899650574 0.05577139928936958 0.1292889267206192
1.0 0.35870030522346497 0.38724517822265625 0.07080317288637161 0.19567805528640747
1.0 0.23306569457054138 0.47861146926879883 0.03403336927294731 0.07775741815567017
1.0 0.12014705687761307 0.814375638961792 0.0500778928399086 0.12352382391691208
