1.0 0.013365407474339008 0.7680665850639343 0.026730814948678017 0.1283789575099945
0.0 0.21297016739845276 0.5457386374473572 0.07315465062856674 0.2844705581665039
0.0 0.191630020737648 0.8071188926696777 0.03678390011191368 0.1348039209842682
1.0 0.12567070126533508 0.7146738171577454 0.04706130549311638 0.1769060641527176
1.0 0.5910382270812988 0.2519226670265198 0.04958074167370796 0.2087041437625885
0.0 0.664132297039032 0.33520349860191345 0.02730628475546837 0.09732064604759216
0.0 0.7214998602867126 0.18572328984737396 0.03503769263625145 0.14196869730949402
1.0 0.4873030185699463 0.38088855147361755 0.03959646448493004 0.1337975561618805
1.0 0.37671583890914917 0.36039435863494873 0.044428735971450806 0.20482519268989563
1.0 0.2334643453359604 0.43515148758888245 0.024373734369874 0.08038515597581863
1.0 0.06660661101341248 0.7582023739814758 0.03417791426181793 0.1283789575099945
