0.0 0.7273047566413879 0.31749317049980164 0.1048530787229538 0.25460460782051086
1.0 0.28691017627716064 0.6630862355232239 0.0840817466378212 0.21530215442180634
1.0 0.6542721390724182 0.48425325751304626 0.056461431086063385 0.1345926821231842
1.0 0.4714534282684326 0.7730520367622375 0.05162174627184868 0.11973613500595093
1.0 0.2014460265636444 0.7689850330352783 0.062060900032520294 0.14770473539829254
1.0 0.14963290095329285 0.6502901911735535 0.06578090786933899 0.17746849358081818
1.0 0.21475981175899506 0.6282525062561035 0.056669726967811584 0.13930849730968475
1.0 0.18988505005836487 0.4358709752559662 0.10889936238527298 0.27517861127853394
0.0 0.7401483058929443 0.5713101029396057 0.05068756639957428 0.11279184371232986
1.0 0.600811243057251 0.53453528881073 0.04282580316066742 0.10292674601078033
0.0 0.5581216216087341 0.6355379819869995 0.045948952436447144 0.08601624518632889
0.0 0.4271763265132904 0.7809026837348938 0.04802563786506653 0.10462066531181335
1.0 0.3769228160381317 0.795630156993866 0.04920187592506409 0.11230785399675369
0.0 0.2035161703824997 0.6467050909996033 0.03992202505469322 0.09401284903287888
