1.0 0.0229616891592741 0.6631429195404053 0.01875264383852482 0.15784786641597748
1.0 0.07686049491167068 0.6907569766044617 0.013630439527332783 0.11454509198665619
0.0 0.2641867995262146 0.5204164981842041 0.028037194162607193 0.2541657090187073
0.0 0.21820203959941864 0.7484327554702759 0.015064689330756664 0.12015649676322937
1.0 0.1756323128938675 0.6584163904190063 0.01875264383852482 0.15784786641597748
1.0 0.5992771983146667 0.3092465400695801 0.01713486947119236 0.18702438473701477
0.0 0.6485708951950073 0.3920826315879822 0.01150609739124775 0.08664446324110031
0.0 0.7110169529914856 0.2674407660961151 0.012756817042827606 0.12704381346702576
1.0 0.5019878149032593 0.40986764430999756 0.017545029520988464 0.11884155869483948
1.0 0.41574209928512573 0.377677321434021 0.013263353146612644 0.18412107229232788
1.0 0.29281917214393616 0.42540696263313293 0.011031733825802803 0.071320541203022
1.0 0.12354489415884018 0.689311683177948 0.013630439527332783 0.11454509198665619
