0.0 0.7139961123466492 0.3731047213077545 0.030396362766623497 0.2653290331363678
1.0 0.2884858250617981 0.5841861963272095 0.02133023925125599 0.2260098159313202
1.0 0.619246780872345 0.5152376890182495 0.017053429037332535 0.13989301025867462
1.0 0.4104922413825989 0.7451159954071045 0.01649940386414528 0.12395372241735458
1.0 0.19732938706874847 0.6631580591201782 0.01880919560790062 0.15348602831363678
1.0 0.1824801117181778 0.5320162177085876 0.014218995347619057 0.18755453824996948
1.0 0.23898233473300934 0.5292541980743408 0.0159626267850399 0.14542707800865173
1.0 0.26177236437797546 0.33376777172088623 0.028630215674638748 0.2883516252040863
0.0 0.6680923104286194 0.6252495646476746 0.017507167533040047 0.11602874100208282
1.0 0.5657522082328796 0.5490143299102783 0.012705648317933083 0.10710577666759491
0.0 0.5095893144607544 0.6355469822883606 0.020308678969740868 0.08587805926799774
0.0 0.37365463376045227 0.7400131225585938 0.01720237545669079 0.10726208984851837
1.0 0.3305594027042389 0.7399153113365173 0.01622236706316471 0.11598408222198486
0.0 0.2259909063577652 0.544068455696106 0.01237325370311737 0.09754222631454468
