0.0 0.844531238079071 0.3609375059604645 0.02890622615814209 0.28749996423721313
1.0 0.26249998807907104 0.573437511920929 0.01796877384185791 0.2445312738418579
1.0 0.7109375 0.51171875 0.01640629768371582 0.15156248211860657
1.0 0.41874998807907104 0.7523437738418579 0.016406238079071045 0.13359379768371582
1.0 0.13671875 0.655468761920929 0.017968744039535522 0.1664062738418579
1.0 0.12265624850988388 0.5132812261581421 0.010937497019767761 0.20390626788139343
1.0 0.19843749701976776 0.512499988079071 0.014062494039535522 0.15703126788139343
1.0 0.23828125 0.30078125 0.024999991059303284 0.3125
0.0 0.7710937261581421 0.632031261920929 0.01796877384185791 0.125
1.0 0.637499988079071 0.5453125238418579 0.01250004768371582 0.11640623211860657
0.0 0.5570312738418579 0.637499988079071 0.0234375 0.09296870231628418
0.0 0.3695312440395355 0.745312511920929 0.01796877384185791 0.11640620231628418
1.0 0.31171876192092896 0.7437499761581421 0.016406238079071045 0.125
0.0 0.18046875298023224 0.52734375 0.012499988079071045 0.10546875
