0.0 0.8585957288742065 0.35254040360450745 0.038981497287750244 0.3094443678855896
1.0 0.2423439621925354 0.5782250165939331 0.019447743892669678 0.2581712603569031
1.0 0.715776801109314 0.5146400928497314 0.020606040954589844 0.1639268696308136
1.0 0.40516573190689087 0.7713318467140198 0.01781463623046875 0.14519047737121582
1.0 0.11344031989574432 0.662946343421936 0.01988016813993454 0.17569977045059204
1.0 0.10070151090621948 0.5140786170959473 0.01313820481300354 0.2120862603187561
1.0 0.17728932201862335 0.5133737325668335 0.015384167432785034 0.16414442658424377
1.0 0.21888086199760437 0.29458320140838623 0.026863858103752136 0.3213406801223755
0.0 0.7840276956558228 0.6461507081985474 0.02252638339996338 0.1374824047088623
1.0 0.636818528175354 0.5503951907157898 0.01516270637512207 0.12569093704223633
0.0 0.5515182018280029 0.649186372756958 0.026075661182403564 0.10095751285552979
0.0 0.35329490900039673 0.7626311779022217 0.018990308046340942 0.12607401609420776
1.0 0.2927814722061157 0.7597826719284058 0.017311513423919678 0.13477236032485962
0.0 0.15895774960517883 0.5286356210708618 0.013502135872840881 0.11027777194976807
