0.0 0.8139416575431824 0.40258949995040894 0.02987349033355713 0.28934213519096375
1.0 0.25068455934524536 0.6392852067947388 0.01922936737537384 0.25080156326293945
1.0 0.6866011619567871 0.5587294697761536 0.01707291603088379 0.15342390537261963
1.0 0.405429869890213 0.8154348731040955 0.01694655418395996 0.13747763633728027
1.0 0.12630698084831238 0.7285090684890747 0.018787726759910583 0.17114931344985962
1.0 0.11192534118890762 0.5827692747116089 0.011220857501029968 0.20862561464309692
1.0 0.18723341822624207 0.578940749168396 0.015319347381591797 0.1615191102027893
1.0 0.22537444531917572 0.3622993230819702 0.026346474885940552 0.3188885450363159
0.0 0.7458654642105103 0.6786260008811951 0.018534183502197266 0.12735402584075928
1.0 0.6159379482269287 0.5964516997337341 0.012609302997589111 0.11773812770843506
0.0 0.5395290851593018 0.692507266998291 0.023354768753051758 0.09489190578460693
0.0 0.35709071159362793 0.8105276823043823 0.01852831244468689 0.11915868520736694
1.0 0.3001643717288971 0.8113065958023071 0.016890764236450195 0.12898296117782593
0.0 0.1693626344203949 0.5955337285995483 0.012493595480918884 0.10843336582183838
