0.0 0.8122968077659607 0.40829411149024963 0.04034556820988655 0.25557199120521545
1.0 0.26153433322906494 0.5674421191215515 0.028167273849248886 0.21704883873462677
1.0 0.6810948252677917 0.5349955558776855 0.022354088723659515 0.13478846848011017
1.0 0.39832085371017456 0.7332977652549744 0.021511074155569077 0.11890435218811035
1.0 0.1408165693283081 0.6337546110153198 0.024502195417881012 0.1479872465133667
1.0 0.13442081212997437 0.5073690414428711 0.019728345796465874 0.18079009652137756
1.0 0.20486950874328613 0.5104151964187622 0.02043290250003338 0.1395072340965271
1.0 0.2518225610256195 0.325222909450531 0.037888914346694946 0.2774791121482849
0.0 0.7313447594642639 0.6443166732788086 0.022559745237231255 0.11138457804918289
1.0 0.6112844944000244 0.5610709190368652 0.017075328156352043 0.10351812839508057
0.0 0.5321923494338989 0.638595700263977 0.02613832987844944 0.08333894610404968
0.0 0.35291916131973267 0.724655270576477 0.02215658687055111 0.10378776490688324
1.0 0.29927608370780945 0.7204232811927795 0.02110791578888893 0.1113075315952301
0.0 0.18747751414775848 0.5226508378982544 0.016562165692448616 0.09384951740503311
