0.0 0.9282763004302979 0.3574688136577606 0.04907882213592529 0.3154147267341614
1.0 0.24473637342453003 0.591416597366333 0.0340893417596817 0.2615578770637512
1.0 0.7627485990524292 0.5234493017196655 0.02724456787109375 0.16556209325790405
1.0 0.4115423560142517 0.784318208694458 0.026177018880844116 0.1446152925491333
1.0 0.09966284036636353 0.6787147521972656 0.029601849615573883 0.17719149589538574
1.0 0.0923345535993576 0.5276377201080322 0.023940041661262512 0.21630948781967163
1.0 0.17656081914901733 0.5264499187469482 0.024692684412002563 0.16721266508102417
1.0 0.23310887813568115 0.3010888397693634 0.04569186270236969 0.3322414755821228
0.0 0.827255368232727 0.6551570892333984 0.027769505977630615 0.13731008768081665
1.0 0.6751140356063843 0.5603164434432983 0.020788729190826416 0.1267644166946411
0.0 0.5767521262168884 0.6605960130691528 0.03215634822845459 0.10105568170547485
0.0 0.35588839650154114 0.7762927412986755 0.02695178985595703 0.1257079839706421
1.0 0.29049110412597656 0.7741396427154541 0.025616556406021118 0.13457179069519043
0.0 0.15569350123405457 0.5422868728637695 0.019985750317573547 0.11224433779716492
