0.0 0.7788696885108948 0.3148462772369385 0.08658671379089355 0.26303306221961975
1.0 0.24811464548110962 0.6357189416885376 0.06772598624229431 0.22282706201076508
1.0 0.6772850751876831 0.4794488251209259 0.0470099113881588 0.13895875215530396
1.0 0.43894001841545105 0.7605642080307007 0.043489594012498856 0.1234995424747467
1.0 0.14030133187770844 0.7375094294548035 0.05170823633670807 0.15248756110668182
1.0 0.09761049598455429 0.6130787134170532 0.05160025134682655 0.18397673964500427
1.0 0.1724967509508133 0.5952125787734985 0.04653613641858101 0.1439809799194336
1.0 0.1687851846218109 0.3976749777793884 0.08827932178974152 0.2846719026565552
0.0 0.7616363167762756 0.5740665197372437 0.04343540221452713 0.11615842580795288
1.0 0.6118224859237671 0.526877760887146 0.035528216511011124 0.10629609227180481
0.0 0.5520063042640686 0.6266818642616272 0.04186447709798813 0.08795130997896194
0.0 0.38891199231147766 0.7654523253440857 0.04149911552667618 0.10765579342842102
1.0 0.3314102590084076 0.77692049741745 0.0417294017970562 0.11576993018388748
0.0 0.15775249898433685 0.6132048964500427 0.033416058868169785 0.09702060371637344
