0.0 0.8595184683799744 0.4062630236148834 0.06553234905004501 0.2888332009315491
1.0 0.25504398345947266 0.5423778295516968 0.04917551577091217 0.24481673538684845
1.0 0.7076935768127441 0.5386695265769958 0.035704996436834335 0.15241505205631256
1.0 0.3870638608932495 0.739842414855957 0.033400896936655045 0.13459467887878418
1.0 0.11978259682655334 0.6076035499572754 0.039157893508672714 0.16733664274215698
1.0 0.12406820058822632 0.4647866189479828 0.036993131041526794 0.20362550020217896
1.0 0.19932405650615692 0.47372889518737793 0.034081775695085526 0.15753814578056335
1.0 0.2659865617752075 0.2688668370246887 0.06486399471759796 0.31312596797943115
0.0 0.7519261240959167 0.6657024025917053 0.0338485948741436 0.12627218663692474
1.0 0.630554735660553 0.5625694394111633 0.027323074638843536 0.11704812943935394
0.0 0.5389295220375061 0.6436777710914612 0.035164956003427505 0.09520652890205383
0.0 0.339152991771698 0.7265580892562866 0.032746654003858566 0.11774932593107224
1.0 0.28201812505722046 0.7175954580307007 0.03229895606637001 0.12607182562351227
0.0 0.1796002984046936 0.48614606261253357 0.025920553132891655 0.1062009260058403
