0.0 0.87286376953125 0.351097047328949 0.03167504072189331 0.2947227954864502
1.0 0.2586113214492798 0.5752377510070801 0.023510828614234924 0.26236021518707275
1.0 0.7361416816711426 0.5065796375274658 0.017430603504180908 0.15817201137542725
1.0 0.42584022879600525 0.7650929689407349 0.018988430500030518 0.14440029859542847
1.0 0.1189161166548729 0.6647783517837524 0.023521795868873596 0.1810041069984436
1.0 0.10650824755430222 0.5113886594772339 0.016577765345573425 0.21925216913223267
1.0 0.18976154923439026 0.509979784488678 0.018337413668632507 0.16820362210273743
1.0 0.2367686778306961 0.2860478162765503 0.032255738973617554 0.32865145802497864
0.0 0.7990301847457886 0.6319096684455872 0.019259989261627197 0.13139355182647705
1.0 0.6595338582992554 0.5420451760292053 0.013137519359588623 0.12226831912994385
0.0 0.5745375156402588 0.6400488018989563 0.02518296241760254 0.09895610809326172
0.0 0.3726372718811035 0.7583426237106323 0.020850569009780884 0.12613564729690552
1.0 0.30974361300468445 0.7577081918716431 0.01967388391494751 0.13578706979751587
0.0 0.16980648040771484 0.5258347988128662 0.015777647495269775 0.11323446035385132
