0.0 0.19333791732788086 0.5319513082504272 0.029057592153549194 0.3164341151714325
0.0 0.12368452548980713 0.8127774000167847 0.01618320494890213 0.1494958996772766
1.0 0.06949059665203094 0.6981755495071411 0.01987535133957863 0.1964588165283203
1.0 0.6512643098831177 0.29004329442977905 0.016564905643463135 0.23290644586086273
0.0 0.7146495580673218 0.39618197083473206 0.012469828128814697 0.10781985521316528
0.0 0.8029278516769409 0.24500003457069397 0.012732207775115967 0.15818645060062408
1.0 0.5169699192047119 0.4091911017894745 0.019510507583618164 0.14788192510604858
1.0 0.40210020542144775 0.36376482248306274 0.011508703231811523 0.22936400771141052
1.0 0.23511362075805664 0.4155248999595642 0.012414291501045227 0.08876243233680725
1.0 0.0027953099925071 0.733396053314209 0.0055906199850142 0.14256304502487183
