0.0 0.8882218599319458 0.37766098976135254 0.04196256399154663 0.30226385593414307
1.0 0.25178325176239014 0.6246627569198608 0.022655636072158813 0.259123831987381
1.0 0.7444227933883667 0.541106104850769 0.022853374481201172 0.16085058450698853
1.0 0.4269186854362488 0.8091305494308472 0.02066817879676819 0.14446717500686646
1.0 0.11426563560962677 0.7159669399261475 0.0208609476685524 0.17674678564071655
1.0 0.09835602343082428 0.5661479234695435 0.01237025111913681 0.2135208249092102
1.0 0.18121430277824402 0.5621198415756226 0.01737236976623535 0.16581565141677856
1.0 0.2225438803434372 0.3413722813129425 0.0302981436252594 0.32378119230270386
0.0 0.8157210350036621 0.6675277352333069 0.024493932723999023 0.13480937480926514
1.0 0.6638592481613159 0.5805427432060242 0.01659339666366577 0.12332093715667725
0.0 0.5779817700386047 0.6809803247451782 0.02813541889190674 0.09953832626342773
0.0 0.3721809387207031 0.803388237953186 0.0219651460647583 0.12486535310745239
1.0 0.30808842182159424 0.8035890460014343 0.019850164651870728 0.13485562801361084
0.0 0.16152936220169067 0.5790400505065918 0.014020606875419617 0.11133497953414917
