0.0 0.8880505561828613 0.353330135345459 0.04804873466491699 0.3305785655975342
1.0 0.2662201523780823 0.5917879343032837 0.027032911777496338 0.2801152169704437
1.0 0.7491037845611572 0.5255194902420044 0.025759339332580566 0.17555755376815796
1.0 0.4408092200756073 0.8005955219268799 0.023063242435455322 0.1561877727508545
1.0 0.1347496509552002 0.6836220026016235 0.023584634065628052 0.19109851121902466
1.0 0.11607084423303604 0.5214446187019348 0.016887947916984558 0.23132038116455078
1.0 0.19617268443107605 0.521145224571228 0.01951444149017334 0.17865461111068726
1.0 0.23204204440116882 0.2832161784172058 0.03588604927062988 0.3502729535102844
0.0 0.8217931389808655 0.6662357449531555 0.026691555976867676 0.14658284187316895
1.0 0.6702572107315063 0.5634616017341614 0.01926279067993164 0.13484999537467957
0.0 0.5865949988365173 0.6692231297492981 0.02975928783416748 0.10840058326721191
0.0 0.38716477155685425 0.7913758754730225 0.02376672625541687 0.13585108518600464
1.0 0.3246580958366394 0.7884488105773926 0.022014081478118896 0.1455075740814209
0.0 0.17754796147346497 0.5376827120780945 0.016262292861938477 0.12008914351463318
