0.0 0.7992092370986938 0.41785502433776855 0.027775347232818604 0.29179129004478455
1.0 0.24926608800888062 0.6298688650131226 0.02352970838546753 0.24850845336914062
1.0 0.6742050647735596 0.5695796608924866 0.01669389009475708 0.15254640579223633
1.0 0.40250641107559204 0.8106693029403687 0.01805099844932556 0.1336466670036316
1.0 0.12988831102848053 0.7130786776542664 0.022414863109588623 0.16810595989227295
1.0 0.11223506927490234 0.5676233172416687 0.016238540410995483 0.20814597606658936
1.0 0.18597908318042755 0.567365288734436 0.01852741837501526 0.1609078049659729
1.0 0.21884211897850037 0.34967565536499023 0.032610610127449036 0.3242456912994385
0.0 0.7317589521408081 0.6912022829055786 0.017689228057861328 0.12498646974563599
1.0 0.6053366661071777 0.6041127443313599 0.012675046920776367 0.11671960353851318
0.0 0.5314124822616577 0.6959190368652344 0.023299753665924072 0.09276014566421509
0.0 0.3556446135044098 0.8038385510444641 0.019613206386566162 0.1157602071762085
1.0 0.3005104064941406 0.8021150231361389 0.018487244844436646 0.12547671794891357
0.0 0.16885459423065186 0.5833017826080322 0.014672741293907166 0.10779321193695068
