0.0 0.8200128674507141 0.3961000442504883 0.02857077121734619 0.2751619815826416
1.0 0.24557656049728394 0.6023199558258057 0.024440228939056396 0.2441348433494568
1.0 0.6903927326202393 0.5404897332191467 0.01636946201324463 0.14781880378723145
1.0 0.39940375089645386 0.7809039950370789 0.01885351538658142 0.13554799556732178
1.0 0.11526773869991302 0.6846491098403931 0.0238492488861084 0.1677526831626892
1.0 0.1058003157377243 0.5417174100875854 0.017086029052734375 0.2023821473121643
1.0 0.18276190757751465 0.5407367944717407 0.019278809428215027 0.15634018182754517
1.0 0.22819878160953522 0.3345757722854614 0.03296220302581787 0.30326834321022034
0.0 0.7494356036186218 0.6592189073562622 0.017827272415161133 0.12375158071517944
1.0 0.6183611750602722 0.574210524559021 0.01257169246673584 0.11384576559066772
0.0 0.5391507744789124 0.6648534536361694 0.024069905281066895 0.09204334020614624
0.0 0.34986308217048645 0.7741774320602417 0.02063077688217163 0.11731642484664917
1.0 0.29131951928138733 0.7728332281112671 0.019520223140716553 0.12715047597885132
0.0 0.1640022248029709 0.5560256838798523 0.015324264764785767 0.10502421855926514
