0.0 0.8655287623405457 0.2747593820095062 0.09329769015312195 0.3112093210220337
1.0 0.26463907957077026 0.6297870874404907 0.07200776785612106 0.26322174072265625
1.0 0.749323308467865 0.46438056230545044 0.050480395555496216 0.16432176530361176
1.0 0.4761855900287628 0.784600019454956 0.0466548427939415 0.14527404308319092
1.0 0.14246979355812073 0.7447879910469055 0.0553751215338707 0.18040528893470764
1.0 0.09658721834421158 0.5971972942352295 0.05555317550897598 0.21858952939510345
1.0 0.18054793775081635 0.5794733166694641 0.04904275760054588 0.16959638893604279
1.0 0.17970529198646545 0.34615737199783325 0.09428370743989944 0.3368396759033203
0.0 0.8417187929153442 0.5785057544708252 0.04655986279249191 0.13651254773139954
1.0 0.674950122833252 0.5163649320602417 0.038659270852804184 0.12618345022201538
0.0 0.6052458882331848 0.6320292353630066 0.045811478048563004 0.10377704352140427
0.0 0.4200494587421417 0.7881200909614563 0.04473026469349861 0.12740269303321838
1.0 0.35553741455078125 0.7993533611297607 0.044825244694948196 0.13616417348384857
0.0 0.1637604981660843 0.5992146730422974 0.03633064404129982 0.1145891472697258
