0.0 0.2109525203704834 0.46950891613960266 0.05092420428991318 0.28546950221061707
0.0 0.12236268818378448 0.7163426280021667 0.026302946731448174 0.13509805500507355
1.0 0.08271818608045578 0.6099234223365784 0.03327631205320358 0.1773945689201355
1.0 0.6524290442466736 0.28413960337638855 0.03316780552268028 0.20978322625160217
0.0 0.7013463377952576 0.38356566429138184 0.019758611917495728 0.09746947139501572
0.0 0.7956187725067139 0.25415128469467163 0.02390611357986927 0.14259175956249237
1.0 0.5187205076217651 0.38168561458587646 0.029271796345710754 0.13382816314697266
1.0 0.4172699451446533 0.33313342928886414 0.028213905170559883 0.20624232292175293
1.0 0.2595047056674957 0.36805835366249084 0.018185477703809738 0.08035408705472946
1.0 0.01436530239880085 0.6365914344787598 0.024174939841032028 0.12873125076293945
