0.0 0.772656261920929 0.3968749940395355 0.02578127384185791 0.25937503576278687
1.0 0.24687501788139343 0.589062511920929 0.01640625298023224 0.2210937738418579
1.0 0.651562511920929 0.5328124761581421 0.01484370231628418 0.13671875
1.0 0.3882812559604645 0.750781238079071 0.014843761920928955 0.12109375
1.0 0.1328125 0.663281261920929 0.016406245529651642 0.1499999761581421
1.0 0.12031249701976776 0.534375011920929 0.009375005960464478 0.18359375
1.0 0.18906250596046448 0.5335937738418579 0.013281255960464478 0.1421874761581421
1.0 0.22499999403953552 0.34296876192092896 0.022656261920928955 0.28203123807907104
0.0 0.706250011920929 0.6421874761581421 0.01640629768371582 0.11328125
1.0 0.585156261920929 0.5640624761581421 0.01093745231628418 0.10468745231628418
0.0 0.5132812261581421 0.6468750238418579 0.02109372615814209 0.08359372615814209
0.0 0.34375 0.7445312738418579 0.016406238079071045 0.10468745231628418
1.0 0.2914062440395355 0.742968738079071 0.014843761920928955 0.11328125
0.0 0.17265625298023224 0.547656238079071 0.010937511920928955 0.09531247615814209
