1.0 0.027633249759674072 0.798630952835083 0.04198179766535759 0.1275150030851364
0.0 0.21644946932792664 0.5638533234596252 0.09051061421632767 0.28238245844841003
0.0 0.21173207461833954 0.8260608315467834 0.0449562631547451 0.13395704329013824
1.0 0.14004163444042206 0.7379858493804932 0.05781593546271324 0.17571312189102173
1.0 0.5751189589500427 0.24664753675460815 0.06241494417190552 0.20689672231674194
0.0 0.653348445892334 0.32512420415878296 0.03318775072693825 0.09675979614257812
0.0 0.7011187076568604 0.172306090593338 0.04373569041490555 0.14082752168178558
1.0 0.4797731637954712 0.3819338083267212 0.047631680965423584 0.1331649273633957
1.0 0.36810868978500366 0.3684956133365631 0.05712873116135597 0.20276643335819244
1.0 0.22988764941692352 0.4521888792514801 0.029186859726905823 0.08004443347454071
1.0 0.08385758101940155 0.785173237323761 0.04198179766535759 0.1275150030851364
