0.0 0.543467104434967 0.43471503257751465 0.08497174829244614 0.19103018939495087
0.0 0.5175822377204895 0.5726938843727112 0.08409658074378967 0.1825132817029953
0.0 0.4238816797733307 0.7249802350997925 0.042915452271699905 0.09444904327392578
0.0 0.23400308191776276 0.6490378975868225 0.08535049110651016 0.2136050909757614
0.0 0.697101891040802 0.11326201260089874 0.04256852716207504 0.09317205846309662
0.0 0.561673104763031 0.23163418471813202 0.05966651439666748 0.10846111923456192
1.0 0.09422026574611664 0.6040511727333069 0.05938354507088661 0.14978013932704926
1.0 0.33434417843818665 0.6930832266807556 0.06336452811956406 0.1591406762599945
1.0 0.6571661233901978 0.2639702558517456 0.06457054615020752 0.15828552842140198
1.0 0.8100767731666565 0.24985821545124054 0.0709795355796814 0.17658476531505585
0.0 0.7546553015708923 0.1716722846031189 0.04915895685553551 0.11743428558111191
1.0 0.20147183537483215 0.7195775508880615 0.0656270906329155 0.17276537418365479
1.0 0.015111514367163181 0.5183454751968384 0.030223028734326363 0.1101943850517273
