0.0 0.5987755060195923 0.43025192618370056 0.06126795709133148 0.3102703094482422
0.0 0.5179007649421692 0.5775768160820007 0.028643453493714333 0.08348213881254196
1.0 0.6232442855834961 0.6106674075126648 0.03663776069879532 0.13490867614746094
1.0 0.6775022745132446 0.7420976161956787 0.03084149770438671 0.10056429356336594
1.0 0.8243473768234253 0.7457985877990723 0.029166443273425102 0.09824882447719574
1.0 0.4486248195171356 0.6402930021286011 0.03303947299718857 0.11764633655548096
1.0 0.4429956078529358 0.5512970089912415 0.03539426624774933 0.1466481238603592
1.0 0.1823670119047165 0.5358490943908691 0.03443969041109085 0.11782650649547577
1.0 0.5446351170539856 0.5578635931015015 0.033589042723178864 0.12191691249608994
1.0 0.7239717245101929 0.7791892886161804 0.027766253799200058 0.09806865453720093
