0.0 0.6048175692558289 0.5230236649513245 0.05568432807922363 0.2753116190433502
0.0 0.5251595377922058 0.7045577764511108 0.05635833740234375 0.2604594826698303
0.0 0.365073025226593 0.87760329246521 0.027929961681365967 0.13388657569885254
0.0 0.1808357536792755 0.6942745447158813 0.04707501828670502 0.30960434675216675
0.0 0.8985607624053955 0.13393311202526093 0.029378056526184082 0.13537582755088806
0.0 0.7006478905677795 0.2446262687444687 0.046445250511169434 0.15327361226081848
1.0 0.039953846484422684 0.5742095708847046 0.03191319853067398 0.21773600578308105
1.0 0.27655094861984253 0.7972137928009033 0.03489270806312561 0.22977787256240845
1.0 0.7965939044952393 0.32985225319862366 0.03880000114440918 0.23175793886184692
1.0 0.9738316535949707 0.37305206060409546 0.04344618320465088 0.25953030586242676
0.0 0.9413390159606934 0.23987752199172974 0.031201064586639404 0.171949565410614
1.0 0.11927039176225662 0.7787184715270996 0.033324047923088074 0.2509463429450989
