0.0 0.8561999797821045 0.03191317617893219 0.03801349177956581 0.06382635235786438
0.0 0.9076058268547058 0.0031614091712981462 0.0438511036336422 0.0063228183425962925
1.0 0.028556320816278458 0.44234976172447205 0.052831828594207764 0.16941367089748383
0.0 0.543054461479187 0.4978342056274414 0.07601612061262131 0.21515756845474243
0.0 0.4607434570789337 0.6265465021133423 0.07517260313034058 0.20524713397026062
0.0 0.31919893622398376 0.7385820150375366 0.038298215717077255 0.10601744800806046
0.0 0.20632041990756989 0.5724691152572632 0.07603877782821655 0.24176724255084991
0.0 0.8080753087997437 0.24091924726963043 0.03801349177956581 0.10465987771749496
0.0 0.6489996314048767 0.2982558310031891 0.05313706770539284 0.12081027030944824
1.0 0.11771883070468903 0.4610528349876404 0.052831828594207764 0.16941367089748383
1.0 0.2638873755931854 0.664620041847229 0.05625974014401436 0.17986619472503662
1.0 0.7089105248451233 0.37601712346076965 0.05726717785000801 0.1787797510623932
1.0 0.8339474201202393 0.43271657824516296 0.06361930817365646 0.20022808015346527
0.0 0.8264487981796265 0.32697468996047974 0.0438511036336422 0.13248927891254425
1.0 0.14922043681144714 0.6292288899421692 0.05838467553257942 0.1958855837583542
