0.0 0.5546224117279053 0.4004732370376587 0.026581525802612305 0.3264352083206177
0.0 0.4859383702278137 0.5643777847290039 0.021779626607894897 0.08852529525756836
1.0 0.6061015129089355 0.5870230197906494 0.022945821285247803 0.1457045078277588
1.0 0.6849276423454285 0.7252405881881714 0.021297812461853027 0.11124426126480103
1.0 0.8514915704727173 0.7118568420410156 0.021416664123535156 0.10972470045089722
1.0 0.41724130511283875 0.6402677893638611 0.02324908971786499 0.1274324655532837
1.0 0.4007357358932495 0.5457438826560974 0.02228739857673645 0.15706145763397217
1.0 0.11725029349327087 0.5606001615524292 0.02782723307609558 0.12433511018753052
1.0 0.512616753578186 0.5395973324775696 0.02210104465484619 0.13041332364082336
1.0 0.7429704666137695 0.760887622833252 0.018512070178985596 0.11035186052322388
