0.0 0.555468738079071 0.4765625 0.0390625 0.2398437261581421
0.0 0.49140626192092896 0.637499988079071 0.04062497615814209 0.2281249761581421
0.0 0.35468751192092896 0.793749988079071 0.020312488079071045 0.11796879768371582
0.0 0.18359375 0.63671875 0.032031238079071045 0.2718750238418579
0.0 0.800000011920929 0.13203124701976776 0.02031254768371582 0.11640623956918716
0.0 0.629687488079071 0.23203125596046448 0.03515625 0.13203126192092896
1.0 0.05390625074505806 0.534375011920929 0.02187500149011612 0.19062498211860657
1.0 0.27265626192092896 0.7250000238418579 0.0234375 0.20234370231628418
1.0 0.717968761920929 0.30390626192092896 0.02499997615814209 0.20078124105930328
1.0 0.8765624761581421 0.3375000059604645 0.02734375 0.22499997913837433
0.0 0.8421875238418579 0.22265625 0.02031254768371582 0.1484375
1.0 0.13124999403953552 0.7124999761581421 0.021874994039535522 0.2210937738418579
