0.0 0.5996761918067932 0.42700034379959106 0.10031766444444656 0.3341676592826843
0.0 0.49476557970046997 0.5773994326591492 0.04002959653735161 0.09134823828935623
1.0 0.6071314811706543 0.6252946853637695 0.05434003099799156 0.14648045599460602
1.0 0.6526592969894409 0.7739128470420837 0.04429256543517113 0.1096072718501091
1.0 0.8138729333877563 0.7947041988372803 0.0422380194067955 0.10696960985660553
1.0 0.41175296902656555 0.6374420523643494 0.04855544865131378 0.12786617875099182
1.0 0.4151639938354492 0.5403627157211304 0.0543164424598217 0.15870337188243866
1.0 0.12999187409877777 0.4938395917415619 0.050077032297849655 0.12822142243385315
1.0 0.5263164043426514 0.5590932965278625 0.049621254205703735 0.13243097066879272
1.0 0.6997984051704407 0.8194156885147095 0.04071646183729172 0.1066143661737442
