0.0 0.6103535294532776 0.4090797007083893 0.1565137505531311 0.3776584267616272
0.0 0.4761650264263153 0.5711389183998108 0.055088791996240616 0.10461077094078064
1.0 0.5870285034179688 0.6369915008544922 0.0787244364619255 0.16667410731315613
1.0 0.6116300225257874 0.8117101788520813 0.06245157867670059 0.1251133680343628
1.0 0.7782239317893982 0.8512833118438721 0.05998377129435539 0.12199482321739197
1.0 0.3792572617530823 0.6318175792694092 0.06981425732374191 0.145615816116333
1.0 0.3981162905693054 0.5209282636642456 0.08084499090909958 0.18008534610271454
1.0 0.10495918244123459 0.43976226449012756 0.07136162370443344 0.14617151021957397
1.0 0.5122871398925781 0.5532487034797668 0.0716550275683403 0.15074153244495392
1.0 0.6541432738304138 0.8684483766555786 0.05843643471598625 0.12143915146589279
