1.0 0.48568829894065857 0.5292047262191772 0.025364497676491737 0.2122177928686142
1.0 0.7192912697792053 0.5553617477416992 0.02363899163901806 0.20747847855091095
1.0 0.8859745860099792 0.5056938529014587 0.021179193630814552 0.13720901310443878
1.0 0.7406209111213684 0.7499771118164062 0.02281905896961689 0.18405532836914062
1.0 0.8087520003318787 0.5678741335868835 0.018742961809039116 0.11216967552900314
1.0 0.4094623029232025 0.3842617869377136 0.025137653574347496 0.13890719413757324
1.0 0.22874502837657928 0.3435397148132324 0.017513122409582138 0.07703495025634766
1.0 0.6807253956794739 0.4734937250614166 0.02194446325302124 0.15907059609889984
0.0 0.8473541140556335 0.42538735270500183 0.027523651719093323 0.27389875054359436
0.0 0.7864530682563782 0.5796012282371521 0.021920781582593918 0.11384052038192749
0.0 0.1105005294084549 0.4386800527572632 0.021346798166632652 0.09744429588317871
0.0 0.5777035355567932 0.290089875459671 0.020827537402510643 0.08260965347290039
