0.0 0.5439786911010742 0.45526596903800964 0.08480819314718246 0.21848571300506592
0.0 0.50971919298172 0.6101300716400146 0.08416986465454102 0.2085677981376648
0.0 0.40119829773902893 0.776742160320282 0.04282369464635849 0.1077035516500473
0.0 0.19871455430984497 0.6766020059585571 0.08376515656709671 0.2449924498796463
0.0 0.7257705926895142 0.10030759871006012 0.042528245598077774 0.10633566975593567
0.0 0.5726856589317322 0.22500665485858917 0.060473766177892685 0.12325256317853928
1.0 0.04838910698890686 0.615302562713623 0.05814243108034134 0.17164894938468933
1.0 0.30535373091697693 0.7344540953636169 0.0619366317987442 0.18224860727787018
1.0 0.6754330992698669 0.2686668634414673 0.06321907043457031 0.18122169375419617
1.0 0.8419486284255981 0.26347482204437256 0.07016628235578537 0.20293453335762024
0.0 0.7855143547058105 0.17043821513652802 0.04858601093292236 0.1343764066696167
1.0 0.16018487513065338 0.7543621063232422 0.06390469521284103 0.1983218491077423
