1.0 0.4709833860397339 0.5359426140785217 0.05200881510972977 0.25017866492271423
1.0 0.7515474557876587 0.5224795341491699 0.04947610944509506 0.2444683462381363
1.0 0.9390021562576294 0.4333820044994354 0.03928099572658539 0.16226087510585785
1.0 0.8129956722259521 0.7448702454566956 0.04607773944735527 0.21706585586071014
1.0 0.8594576120376587 0.5202264785766602 0.03380289673805237 0.13280175626277924
1.0 0.35400763154029846 0.3816508948802948 0.04414012283086777 0.1646621972322464
1.0 0.1331421434879303 0.3682335317134857 0.028705410659313202 0.09169802814722061
1.0 0.6907736659049988 0.43448764085769653 0.04245280474424362 0.18783649802207947
0.0 0.8784549236297607 0.347216933965683 0.060957860201597214 0.3223385512828827
0.0 0.8353272080421448 0.5380584597587585 0.037735652178525925 0.13508819043636322
0.0 0.014503615908324718 0.5011284351348877 0.029007231816649437 0.11590642482042313
0.0 0.5350054502487183 0.24048861861228943 0.03320448845624924 0.09855154156684875
