0.0 0.579254686832428 0.5925443172454834 0.04903113842010498 0.35020965337753296
0.0 0.5145323872566223 0.8267257213592529 0.05082905292510986 0.3199562430381775
0.0 0.37711548805236816 0.9851168990135193 0.02634727954864502 0.029766201972961426
0.0 0.19193826615810394 0.8303850889205933 0.05045059323310852 0.33922988176345825
0.0 0.8531966805458069 0.06919638067483902 0.024240970611572266 0.13839276134967804
0.0 0.6568931341171265 0.22307343780994415 0.04290491342544556 0.2062142789363861
1.0 0.05306041240692139 0.7178970575332642 0.03734339773654938 0.263763427734375
1.0 0.28914690017700195 0.9118970632553101 0.035400390625 0.17620593309402466
1.0 0.7581413984298706 0.3213155269622803 0.030621826648712158 0.3084057867527008
1.0 0.9421640038490295 0.3543563485145569 0.03432667255401611 0.346570760011673
0.0 0.902571439743042 0.18216602504253387 0.025044679641723633 0.23500379920005798
1.0 0.14394016563892365 0.9025607705116272 0.03737291693687439 0.1948784589767456
