1.0 0.4911060631275177 0.5312831997871399 0.04809640347957611 0.21211019158363342
1.0 0.7256391048431396 0.5155102610588074 0.04587889090180397 0.20724725723266602
1.0 0.8808428049087524 0.4370115399360657 0.035811927169561386 0.13765916228294373
1.0 0.7812144160270691 0.7032373547554016 0.04252323508262634 0.18405123054981232
1.0 0.8158994913101196 0.5119253396987915 0.030686067417263985 0.11269302666187286
1.0 0.3903355300426483 0.40219348669052124 0.03990158066153526 0.13976481556892395
1.0 0.20525802671909332 0.39423492550849915 0.02565264329314232 0.07789898663759232
1.0 0.6731383204460144 0.4417988657951355 0.03894386440515518 0.1593087613582611
0.0 0.828565776348114 0.3648465573787689 0.0569329597055912 0.2731930613517761
0.0 0.7960395216941833 0.5274285078048706 0.034002650529146194 0.11468683928251266
0.0 0.10580306500196457 0.5088741779327393 0.03165365755558014 0.09844958782196045
0.0 0.5391634702682495 0.27962231636047363 0.02952844277024269 0.08375879377126694
