0.0 0.5932722687721252 0.45048123598098755 0.04187166690826416 0.22909477353096008
0.0 0.5255941152572632 0.6038841009140015 0.04415673017501831 0.21982285380363464
0.0 0.38186103105545044 0.7525313496589661 0.022703170776367188 0.11498641967773438
0.0 0.20633789896965027 0.5987048745155334 0.03829894959926605 0.2620394229888916
0.0 0.8448964357376099 0.1287613809108734 0.020748436450958252 0.10921891033649445
0.0 0.6712149381637573 0.22037273645401 0.03701162338256836 0.12436753511428833
1.0 0.07469803094863892 0.49852779507637024 0.026929639279842377 0.18290656805038452
1.0 0.2977257966995239 0.6844756603240967 0.027805715799331665 0.1962297558784485
1.0 0.7608257532119751 0.28945499658584595 0.02657407522201538 0.1900225281715393
1.0 0.923585057258606 0.32381510734558105 0.028020799160003662 0.2127000242471695
0.0 0.8880195617675781 0.21490560472011566 0.020778357982635498 0.139894038438797
1.0 0.15057143568992615 0.6710432767868042 0.02726377546787262 0.2140699028968811
1.0 0.011395187117159367 0.3686458468437195 0.022790374234318733 0.1318463683128357
