0.0 0.9398397207260132 0.00958622619509697 0.04668619856238365 0.01917245239019394
1.0 0.023152021691203117 0.2437848150730133 0.046304043382406235 0.12892188131809235
0.0 0.5670865178108215 0.46822503209114075 0.0935245156288147 0.2234572172164917
0.0 0.4702443778514862 0.5963391661643982 0.09212867170572281 0.21332640945911407
0.0 0.30986714363098145 0.7021053433418274 0.04710087180137634 0.11042942106723785
0.0 0.19551794230937958 0.5199187397956848 0.09537618607282639 0.250421941280365
0.0 0.8693552017211914 0.22081366181373596 0.04668619856238365 0.10892291367053986
0.0 0.6932837963104248 0.26878082752227783 0.06397613883018494 0.12621285021305084
1.0 0.10535593330860138 0.39705827832221985 0.0664357841014862 0.17562295496463776
1.0 0.25380176305770874 0.6202305555343628 0.07084459066390991 0.18658296763896942
1.0 0.7539999485015869 0.3543664813041687 0.07193644344806671 0.18549109995365143
1.0 0.8873173594474792 0.4234699606895447 0.07924750447273254 0.20699648559093475
0.0 0.884628176689148 0.3125292956829071 0.05456387624144554 0.13754615187644958
1.0 0.1301591992378235 0.5748575925827026 0.07389882206916809 0.2027396708726883
1.0 0.07977213710546494 0.2603694200515747 0.053582727909088135 0.12892188131809235
