0.0 0.6427727937698364 0.4212249219417572 0.02854090929031372 0.3761482834815979
0.0 0.5660538673400879 0.6082315444946289 0.023511171340942383 0.09932577610015869
1.0 0.702617883682251 0.6355379819869995 0.025001585483551025 0.16095393896102905
1.0 0.790781557559967 0.7856711745262146 0.022843599319458008 0.11864006519317627
1.0 0.971534252166748 0.7724292874336243 0.021140336990356445 0.11554372310638428
1.0 0.48981213569641113 0.6915878057479858 0.02389797568321228 0.1407145857810974
1.0 0.4678220748901367 0.5852264761924744 0.022413581609725952 0.17685183882713318
1.0 0.13511663675308228 0.5969505310058594 0.026965156197547913 0.14251351356506348
1.0 0.596183180809021 0.5814156532287598 0.023595809936523438 0.14606940746307373
1.0 0.8538204431533813 0.8239974975585938 0.019293487071990967 0.11563807725906372
