0.0 0.6049342155456543 0.4761453866958618 0.04112344980239868 0.24247190356254578
0.0 0.5382839441299438 0.6389216184616089 0.04299980401992798 0.23110240697860718
0.0 0.39665210247039795 0.7971740961074829 0.021748632192611694 0.12029361724853516
0.0 0.22064654529094696 0.6369020938873291 0.03550633788108826 0.27719777822494507
0.0 0.8545827865600586 0.13212832808494568 0.021011650562286377 0.11698271334171295
0.0 0.6820910573005676 0.23084017634391785 0.036806702613830566 0.13291716575622559
1.0 0.08728700131177902 0.5320452451705933 0.02457617223262787 0.19487139582633972
1.0 0.312616765499115 0.7266016006469727 0.026005536317825317 0.2064017653465271
1.0 0.7708605527877808 0.3039965033531189 0.026723206043243408 0.2022266685962677
1.0 0.931151270866394 0.3394758701324463 0.028201162815093994 0.22538194060325623
0.0 0.896762490272522 0.22401516139507294 0.0211067795753479 0.14910873770713806
1.0 0.16567111015319824 0.7142355442047119 0.02470812201499939 0.22591233253479004
1.0 0.019870640709996223 0.3936889171600342 0.024199360981583595 0.14148035645484924
