0.0 0.6003137826919556 0.3999505639076233 0.0359269380569458 0.3318898379802704
0.0 0.5334774255752563 0.5677186250686646 0.02472710609436035 0.08696752786636353
1.0 0.6625913977622986 0.5873186588287354 0.02794480323791504 0.14167094230651855
1.0 0.7490013837814331 0.7182207107543945 0.02476876974105835 0.10454457998275757
1.0 0.9196727275848389 0.7014894485473633 0.022537708282470703 0.10253119468688965
1.0 0.4636468291282654 0.6431543827056885 0.026066303253173828 0.12372720241546631
1.0 0.4403943419456482 0.5503464937210083 0.025380104780197144 0.15585458278656006
1.0 0.1288238763809204 0.5705276131629944 0.02882380783557892 0.12481105327606201
1.0 0.5609922409057617 0.5425534248352051 0.026004314422607422 0.1287406086921692
1.0 0.8095076084136963 0.7501206398010254 0.02096647024154663 0.1026618480682373
