0.0 0.3076208829879761 0.3333461582660675 0.05289841070771217 0.21287544071674347
0.0 0.7195156216621399 0.6245689988136292 0.04573841392993927 0.13051281869411469
0.0 0.8435220718383789 0.4529826045036316 0.04049094393849373 0.10184846818447113
0.0 0.9227548241615295 0.31713157892227173 0.04052364453673363 0.07639708369970322
0.0 0.5294121503829956 0.5427225828170776 0.045574937015771866 0.12921933829784393
0.0 0.1633361577987671 0.5923853516578674 0.04219130799174309 0.1924305260181427
0.0 0.21720708906650543 0.4382168650627136 0.034540805965662 0.1061875969171524
1.0 0.3592354655265808 0.3562956750392914 0.0392814502120018 0.14369729161262512
1.0 0.42384523153305054 0.5418644547462463 0.035652466118335724 0.1406930536031723
1.0 0.4735797345638275 0.6460504531860352 0.03597944229841232 0.14327996969223022
1.0 0.5885622501373291 0.6520407795906067 0.03813721239566803 0.13464318215847015
1.0 0.6649828553199768 0.7109777927398682 0.026677874848246574 0.056828271597623825
1.0 0.12677735090255737 0.39722076058387756 0.05005421116948128 0.24178984761238098
1.0 0.24460414052009583 0.43379485607147217 0.032203301787376404 0.12625658512115479
1.0 0.08791345357894897 0.27338317036628723 0.037761297076940536 0.17023347318172455
