0.0 0.6155439615249634 0.39994141459465027 0.03060251474380493 0.35807186365127563
0.0 0.5421799421310425 0.5810490846633911 0.0233461856842041 0.09463292360305786
1.0 0.6759137511253357 0.6026875972747803 0.026120543479919434 0.1551353931427002
1.0 0.7650485038757324 0.7461912035942078 0.02422642707824707 0.11575794219970703
1.0 0.9478230476379395 0.728378415107727 0.022943735122680664 0.11396026611328125
1.0 0.4689518213272095 0.6634479761123657 0.02352738380432129 0.1342044472694397
1.0 0.44747889041900635 0.5627163052558899 0.022022634744644165 0.1677444875240326
1.0 0.1353200078010559 0.5853738784790039 0.024162128567695618 0.132399320602417
1.0 0.5712714791297913 0.5543296337127686 0.023868441581726074 0.13948708772659302
1.0 0.828885555267334 0.7823271751403809 0.020859062671661377 0.11358290910720825
