0.0 0.5188761353492737 0.35819002985954285 0.1142616719007492 0.3408851623535156
0.0 0.507156491279602 0.5438292026519775 0.04241634160280228 0.09298378974199295
1.0 0.6179177761077881 0.5348423719406128 0.05947229638695717 0.149244025349617
1.0 0.7230109572410583 0.6496251225471497 0.04760470241308212 0.11159876734018326
1.0 0.8601559400558472 0.5940744876861572 0.04564222693443298 0.10949089378118515
1.0 0.4694950580596924 0.6363939642906189 0.05279311165213585 0.1302136480808258
1.0 0.426918625831604 0.547044038772583 0.0602639876306057 0.16195109486579895
1.0 0.1803979128599167 0.6367273926734924 0.05428388714790344 0.13062915205955505
1.0 0.5231888294219971 0.5120047330856323 0.054208047688007355 0.13529036939144135
1.0 0.7814048528671265 0.6689121723175049 0.04415145143866539 0.1090753823518753
