0.0 0.5797621011734009 0.39062637090682983 0.03736725077033043 0.3634110987186432
0.0 0.5004732608795166 0.5714671611785889 0.02531994692981243 0.09592384099960327
1.0 0.6311323046684265 0.5975304841995239 0.029063869267702103 0.15641510486602783
1.0 0.7113971710205078 0.7448421716690063 0.025946855545043945 0.11606836318969727
1.0 0.8889256119728088 0.7329529523849487 0.024026865139603615 0.11417895555496216
1.0 0.42431917786598206 0.6515858173370361 0.026573866605758667 0.13621275126934052
1.0 0.40698912739753723 0.5493102669715881 0.02579369954764843 0.17094963788986206
1.0 0.09148316830396652 0.5605714917182922 0.02843685820698738 0.13627073168754578
1.0 0.5302050113677979 0.5448961853981018 0.026744777336716652 0.14170663058757782
1.0 0.7717654705047607 0.7824661135673523 0.02216387167572975 0.1141209751367569
