1.0 0.01194737944751978 0.7042365670204163 0.02389475889503956 0.18802694976329803
1.0 0.005119912791997194 0.8945293426513672 0.010239825583994389 0.21094131469726562
0.0 0.5454824566841125 0.46053555607795715 0.11142443120479584 0.24014881253242493
0.0 0.5344142913818359 0.6334007382392883 0.10928063839673996 0.22949019074440002
0.0 0.4528105854988098 0.8243114948272705 0.05585015192627907 0.11845932900905609
0.0 0.24149489402770996 0.7279913425445557 0.1146593913435936 0.26842746138572693
0.0 0.6712844967842102 0.05784860625863075 0.05536626651883125 0.1156972125172615
0.0 0.5403174757957458 0.20504136383533478 0.07431937009096146 0.136427640914917
1.0 0.08648695796728134 0.670845627784729 0.07983837276697159 0.18802694976329803
1.0 0.35352006554603577 0.7843480706214905 0.08495347946882248 0.19965340197086334
1.0 0.6465185880661011 0.2460404634475708 0.08595521748065948 0.19865167140960693
1.0 0.8077186942100525 0.2288639396429062 0.09568459540605545 0.22240547835826874
0.0 0.7394653558731079 0.13031339645385742 0.06528674811124802 0.1474299132823944
1.0 0.21519528329372406 0.8162579536437988 0.08927493542432785 0.21699760854244232
1.0 0.9973063468933105 0.15240362286567688 0.005387365352362394 0.22240547835826874
