0.0 0.5562499761581421 0.4515624940395355 0.03593754768371582 0.22187501192092896
0.0 0.49687498807907104 0.600781261920929 0.03750002384185791 0.2109375
0.0 0.37031251192092896 0.745312511920929 0.018750011920928955 0.109375
0.0 0.21171875298023224 0.6000000238418579 0.029687494039535522 0.2515624761581421
0.0 0.782031238079071 0.1328125 0.01874995231628418 0.10781249403953552
0.0 0.625 0.22578124701976776 0.03281247615814209 0.12187501788139343
1.0 0.09218750149011612 0.5054687261581421 0.02031250298023224 0.17656251788139343
1.0 0.2945312559604645 0.6812499761581421 0.02187502384185791 0.1875
1.0 0.706250011920929 0.29218751192092896 0.0234375 0.18593750894069672
1.0 0.8531249761581421 0.32343751192092896 0.02499997615814209 0.20781248807907104
0.0 0.821093738079071 0.21718749403953552 0.01874995231628418 0.13749998807907104
1.0 0.16328124701976776 0.6703125238418579 0.020312488079071045 0.2046874761581421
1.0 0.03125 0.3804687559604645 0.02031250111758709 0.12812501192092896
