1.0 0.48981326818466187 0.5308864116668701 0.039450906217098236 0.21244768798351288
1.0 0.7247992753982544 0.5248770713806152 0.037418872117996216 0.2076253443956375
1.0 0.8831321597099304 0.4528983533382416 0.030253516510128975 0.13767890632152557
1.0 0.7725223302841187 0.7147522568702698 0.03503042086958885 0.18430987000465393
1.0 0.8151306509971619 0.5250476002693176 0.026151377707719803 0.1126498356461525
1.0 0.3944963216781616 0.3977190852165222 0.034298598766326904 0.13963131606578827
1.0 0.20990969240665436 0.38207337260246277 0.022568760439753532 0.07767661660909653
1.0 0.6754081845283508 0.4490468502044678 0.03248273581266403 0.15943998098373413
0.0 0.8339003324508667 0.37862250208854675 0.04574049264192581 0.2738451063632965
0.0 0.7946433424949646 0.5397117137908936 0.02941940724849701 0.11452264338731766
0.0 0.10577492415904999 0.49247899651527405 0.027747459709644318 0.09820178896188736
0.0 0.5482911467552185 0.28144094347953796 0.026234805583953857 0.08343533426523209
