0.0 0.9254070520401001 0.0018098942236974835 0.04418059438467026 0.003619788447394967
0.0 0.5591409206390381 0.48866644501686096 0.08830182254314423 0.2427123337984085
0.0 0.4628733992576599 0.6326714754104614 0.08738189190626144 0.23157848417758942
0.0 0.29653164744377136 0.7569151520729065 0.04450693726539612 0.11960937827825546
0.0 0.16201472282409668 0.5676083564758301 0.08811671286821365 0.2725682258605957
0.0 0.8702468872070312 0.20281614363193512 0.04418059438467026 0.11808130145072937
0.0 0.6828025579452515 0.26503339409828186 0.061960749328136444 0.13646233081817627
1.0 0.05656689777970314 0.4404318928718567 0.061212170869112015 0.19098909199237823
1.0 0.23067131638526917 0.6725463271141052 0.06518812477588654 0.20277567207813263
1.0 0.754122257232666 0.3537638783454895 0.06638974696397781 0.20157407224178314
1.0 0.9021998643875122 0.41974523663520813 0.0737408846616745 0.22574810683727264
0.0 0.8925729990005493 0.3002544641494751 0.05087161809206009 0.14940592646598816
1.0 0.09499574452638626 0.6307836174964905 0.0675768032670021 0.2207857072353363
