0.0 0.5513061881065369 0.3959581255912781 0.027303583920001984 0.30971136689186096
0.0 0.4923403263092041 0.5532677173614502 0.020173659548163414 0.08156663179397583
1.0 0.6028088331222534 0.5700806975364685 0.02264130674302578 0.1331486701965332
1.0 0.6760588884353638 0.6922509074211121 0.02047540433704853 0.09875158220529556
1.0 0.8242128491401672 0.6748032569885254 0.01888573355972767 0.09716179221868515
1.0 0.4318656325340271 0.6246530413627625 0.02077723853290081 0.11593640595674515
1.0 0.4131581783294678 0.5382493734359741 0.019736189395189285 0.1455918848514557
1.0 0.14945188164710999 0.5608516931533813 0.0223394725471735 0.11596383899450302
1.0 0.5161438584327698 0.5294085741043091 0.020859479904174805 0.1206231415271759
1.0 0.7281484007835388 0.7218096852302551 0.01732349768280983 0.09713435918092728
