0.0 0.5620496273040771 0.4492317736148834 0.038694143295288086 0.2558683753013611
0.0 0.497952938079834 0.6236428022384644 0.04116228222846985 0.2479420006275177
0.0 0.3606460690498352 0.7958098649978638 0.021735846996307373 0.13057643175125122
0.0 0.19482138752937317 0.6285004019737244 0.037810564041137695 0.2922441065311432
0.0 0.7994154691696167 0.08186531066894531 0.021825790405273438 0.11995255947113037
0.0 0.6343116760253906 0.19094517827033997 0.035369157791137695 0.1369863748550415
1.0 0.07311298698186874 0.5216962695121765 0.027153968811035156 0.20148801803588867
1.0 0.280614972114563 0.7214654684066772 0.02705693244934082 0.2210339903831482
1.0 0.7211976051330566 0.2630860209465027 0.02731013298034668 0.2106291800737381
1.0 0.8796834945678711 0.29399988055229187 0.03205615282058716 0.2376859188079834
0.0 0.8427265882492065 0.17448663711547852 0.022991716861724854 0.1548113375902176
1.0 0.14194339513778687 0.7107913494110107 0.027567192912101746 0.2396765947341919
1.0 0.015086105093359947 0.38203001022338867 0.025672972202301025 0.14351814985275269
