0.0 0.528596818447113 0.4378626048564911 0.06346861273050308 0.26782897114753723
0.0 0.4916486144065857 0.621699869632721 0.06351783871650696 0.2549777328968048
0.0 0.39004114270210266 0.807044506072998 0.032273244112730026 0.13213743269443512
0.0 0.21973922848701477 0.65084308385849 0.061420004814863205 0.3024989366531372
0.0 0.7018393874168396 0.049933455884456635 0.03206745535135269 0.09986691176891327
0.0 0.5644004940986633 0.16192464530467987 0.04732320085167885 0.14849592745304108
1.0 0.09335728734731674 0.5509534478187561 0.04260892793536186 0.21225768327713013
1.0 0.3093727231025696 0.7387998104095459 0.04553839936852455 0.2254384607076645
1.0 0.6505902409553528 0.2323816865682602 0.04682200029492378 0.22374382615089417
1.0 0.7947037220001221 0.2540806531906128 0.051191527396440506 0.24994058907032013
0.0 0.7501825094223022 0.1310175061225891 0.03597630187869072 0.16560713946819305
1.0 0.1828271448612213 0.7396256327629089 0.04631202667951584 0.24572736024856567
1.0 0.018814291805028915 0.4086257219314575 0.036231331527233124 0.1546153873205185
