0.0 0.5808843970298767 0.41684502363204956 0.1111273542046547 0.302310973405838
0.0 0.4762902557849884 0.548311173915863 0.041624922305345535 0.0831865668296814
1.0 0.5761935114860535 0.5983641147613525 0.05815340578556061 0.1329643726348877
1.0 0.6082082986831665 0.7371668219566345 0.0466361865401268 0.09962736815214157
1.0 0.754524290561676 0.7662471532821655 0.04468600079417229 0.09767710417509079
1.0 0.3967525064945221 0.5975736975669861 0.051647502928972244 0.11606808751821518
1.0 0.40559589862823486 0.5096114277839661 0.05880867689847946 0.14401011168956757
1.0 0.1477675437927246 0.4498082399368286 0.053142089396715164 0.11652365326881409
1.0 0.5062903165817261 0.5329533219337463 0.05301414057612419 0.12055186182260513
1.0 0.648646891117096 0.781345546245575 0.04319141432642937 0.09722154587507248
