0.0 0.5683003067970276 0.3636760413646698 0.07024144381284714 0.3880234956741333
0.0 0.5137755274772644 0.5664814114570618 0.03415533900260925 0.10414241254329681
1.0 0.6514537334442139 0.5754417181015015 0.04308652877807617 0.1685025840997696
1.0 0.7562549710273743 0.7189162373542786 0.036548059433698654 0.12553046643733978
1.0 0.9356040954589844 0.6799034476280212 0.03449578955769539 0.1226608157157898
1.0 0.4482634365558624 0.6631398797035217 0.03894069790840149 0.146918386220932
1.0 0.41506361961364746 0.5567710995674133 0.041275206953287125 0.18326012790203094
1.0 0.09411460906267166 0.6152342557907104 0.040693774819374084 0.14711451530456543
1.0 0.5403874516487122 0.5346300601959229 0.039538946002721786 0.15226544439792633
1.0 0.823652446269989 0.7501761317253113 0.03274274617433548 0.12246470153331757
