0.0 0.5525985956192017 0.4476202428340912 0.05189402028918266 0.2238934487104416
0.0 0.504173755645752 0.600743293762207 0.05266117304563522 0.21309761703014374
0.0 0.3883984088897705 0.7540515065193176 0.02661316841840744 0.11044482886791229
0.0 0.2197081446647644 0.6205925345420837 0.0478079617023468 0.2530509829521179
0.0 0.7547296285629272 0.11337215453386307 0.026500076055526733 0.10888641327619553
0.0 0.6048352718353271 0.2174571007490158 0.04154305160045624 0.12392938137054443
1.0 0.09365160018205643 0.5349559187889099 0.033031970262527466 0.17756934463977814
1.0 0.30818137526512146 0.69563889503479 0.03538162261247635 0.18859119713306427
1.0 0.6906762719154358 0.2778116762638092 0.036826975643634796 0.18714582920074463
1.0 0.83942711353302 0.29835474491119385 0.03996781259775162 0.20907653868198395
0.0 0.799793541431427 0.19470027089118958 0.02864769473671913 0.13849611580371857
1.0 0.17648401856422424 0.6942248344421387 0.03506653755903244 0.20562061667442322
1.0 0.023831147700548172 0.4146917164325714 0.029527956619858742 0.12925873696804047
