0.0 0.5515701770782471 0.46723830699920654 0.0863926112651825 0.2824556529521942
0.0 0.4551687240600586 0.6412346959114075 0.08569572865962982 0.2692521810531616
0.0 0.28591108322143555 0.797339677810669 0.043608974665403366 0.13911694288253784
0.0 0.14279194176197052 0.5873689651489258 0.08549464493989944 0.3180701732635498
0.0 0.8669773936271667 0.11322985589504242 0.04330458492040634 0.13732056319713593
0.0 0.6745710372924805 0.19888687133789062 0.06142013892531395 0.15783798694610596
1.0 0.031058119609951973 0.4473941922187805 0.05935188755393028 0.22291424870491028
1.0 0.21601824462413788 0.7041862607002258 0.06322162598371506 0.23665542900562286
1.0 0.7502007484436035 0.29670846462249756 0.06450361013412476 0.2351280152797699
1.0 0.9046790599822998 0.3626195788383484 0.07160211354494095 0.2633741497993469
0.0 0.892153799533844 0.2246754914522171 0.049545612186193466 0.17414498329162598
1.0 0.07488079369068146 0.6654828786849976 0.0652884766459465 0.2579423785209656
