0.0 0.9995160102844238 0.014316018670797348 0.0009679329814389348 0.028632037341594696
0.0 0.5831902623176575 0.4850192964076996 0.11341793835163116 0.23929008841514587
0.0 0.46787789463996887 0.6158404350280762 0.1115235760807991 0.22869570553302765
0.0 0.279624879360199 0.7176650166511536 0.05705706402659416 0.11833266913890839
0.0 0.15196628868579865 0.5122714638710022 0.11633220314979553 0.2673221528530121
0.0 0.9392226934432983 0.24123066663742065 0.05653888359665871 0.1167387142777443
0.0 0.7342846989631653 0.2794744372367859 0.07679389417171478 0.13615232706069946
1.0 0.05078018084168434 0.3727588951587677 0.0810682624578476 0.18743477761745453
1.0 0.21684397757053375 0.625001847743988 0.08642749488353729 0.19915542006492615
1.0 0.8023520112037659 0.3764994740486145 0.08764180541038513 0.19812461733818054
1.0 0.9532626867294312 0.4613126814365387 0.09347459673881531 0.2210027277469635
0.0 0.9545557498931885 0.3413812220096588 0.0663829892873764 0.14702336490154266
1.0 0.0749455988407135 0.5665410757064819 0.09039422124624252 0.2161254584789276
1.0 0.028583602979779243 0.2232823222875595 0.05716720595955849 0.13802297413349152
