0.0 0.5496681928634644 0.46595343947410583 0.08619102835655212 0.24281257390975952
0.0 0.5190492868423462 0.6364449262619019 0.08538083732128143 0.2316422164440155
0.0 0.41630229353904724 0.8168587684631348 0.043470822274684906 0.11964866518974304
0.0 0.21728594601154327 0.6971742510795593 0.08570072799921036 0.2727934420108795
0.0 0.7204394340515137 0.07951518148183823 0.04315871000289917 0.11811762303113937
0.0 0.5735382437705994 0.21152432262897491 0.060824744403362274 0.13639312982559204
1.0 0.06976660341024399 0.6228026747703552 0.05951709300279617 0.19115231931209564
1.0 0.3221898674964905 0.7658829689025879 0.06338926404714584 0.20294694602489471
1.0 0.6743990778923035 0.26431354880332947 0.06460808962583542 0.20172813534736633
1.0 0.8365070223808289 0.26554620265960693 0.07174303382635117 0.22592689096927643
0.0 0.7798815369606018 0.15988503396511078 0.049557920545339584 0.14950315654277802
1.0 0.18113698065280914 0.781885027885437 0.06560414284467697 0.22100688517093658
