0.0 0.590221643447876 0.4155941605567932 0.060915395617485046 0.33812689781188965
0.0 0.5040677785873413 0.5774694681167603 0.029913175851106644 0.09074754267930984
1.0 0.6213587522506714 0.611570417881012 0.03760654479265213 0.14683206379413605
1.0 0.6843485832214355 0.7536705136299133 0.03195992484688759 0.10938557237386703
1.0 0.8468918204307556 0.7550154328346252 0.030150821432471275 0.10688523203134537
1.0 0.42883896827697754 0.6470168828964233 0.034006599336862564 0.12802347540855408
1.0 0.42060527205467224 0.5502272248268127 0.03594997897744179 0.15969279408454895
1.0 0.13191471993923187 0.5381731390953064 0.035559769719839096 0.12819403409957886
1.0 0.5332005620002747 0.555518388748169 0.034518349915742874 0.13268300890922546
1.0 0.7365953326225281 0.7932037115097046 0.02859768271446228 0.10671467334032059
