1.0 0.00257081794552505 0.2613862454891205 0.0051416358910501 0.2583237290382385
1.0 0.04069375619292259 0.1524786800146103 0.07253550738096237 0.1822381615638733
0.0 0.38248687982559204 0.30269432067871094 0.09525829553604126 0.22870707511901855
0.0 0.6682005524635315 0.6731908917427063 0.06907275319099426 0.1421404331922531
0.0 0.8165492415428162 0.5061781406402588 0.05774982273578644 0.11161510646343231
0.0 0.91763836145401 0.37129852175712585 0.05145849660038948 0.08518879860639572
0.0 0.523697018623352 0.558668315410614 0.06862059235572815 0.14077354967594147
0.0 0.19560009241104126 0.560831606388092 0.08159761875867844 0.205929234623909
0.0 0.2791895270347595 0.40272462368011475 0.05405557155609131 0.11526211351156235
1.0 0.4215458035469055 0.3345697820186615 0.06716767698526382 0.15490007400512695
1.0 0.4327316880226135 0.5429829955101013 0.06351194530725479 0.15125621855258942
1.0 0.45063644647598267 0.6618770956993103 0.06441626697778702 0.15398992598056793
1.0 0.548499584197998 0.6843933463096619 0.06400272250175476 0.1453322470188141
1.0 0.6003299951553345 0.7584033608436584 0.035498443990945816 0.06286760419607162
1.0 0.21094703674316406 0.34603139758110046 0.10015472024679184 0.2583237290382385
1.0 0.30391380190849304 0.40180498361587524 0.05716269835829735 0.13576605916023254
1.0 0.20715512335300446 0.2075435370206833 0.07253550738096237 0.1822381615638733
