1.0 0.47971680760383606 0.5254231095314026 0.07034189254045486 0.20948553085327148
1.0 0.7021519541740417 0.6014305353164673 0.06765685975551605 0.20455621182918549
1.0 0.8756293058395386 0.5889462232589722 0.050073977559804916 0.13647764921188354
1.0 0.6809327602386475 0.796057939529419 0.06179589778184891 0.18186336755752563
1.0 0.7867968678474426 0.6329746842384338 0.042309343814849854 0.11188121885061264
1.0 0.4366047978401184 0.367435097694397 0.05424678698182106 0.13896730542182922
1.0 0.26895302534103394 0.2886321246623993 0.03351796045899391 0.07784195244312286
1.0 0.6821838617324829 0.5131640434265137 0.05554419755935669 0.15765762329101562
0.0 0.8552704453468323 0.5021925568580627 0.08577574789524078 0.26924335956573486
0.0 0.76249098777771 0.639607310295105 0.045725852251052856 0.11417552828788757
0.0 0.1329466551542282 0.3559798300266266 0.04162314534187317 0.09829051047563553
0.0 0.6212179064750671 0.31183433532714844 0.03791123628616333 0.08391839265823364
