0.0 0.5679038763046265 0.44344907999038696 0.04743534326553345 0.29140567779541016
0.0 0.48888492584228516 0.6460803747177124 0.053153783082962036 0.2959138751029968
0.0 0.3139403462409973 0.8551447987556458 0.031904011964797974 0.16332852840423584
0.0 0.11175093799829483 0.6525985598564148 0.06435666978359222 0.35264039039611816
0.0 0.8387596607208252 0.05381741374731064 0.02854609489440918 0.10763482749462128
0.0 0.6516145467758179 0.15710915625095367 0.04199784994125366 0.14604312181472778
1.0 0.21494494378566742 0.7650883197784424 0.043909817934036255 0.27206605672836304
1.0 0.7541126012802124 0.23699751496315002 0.03609365224838257 0.22772316634655
1.0 0.9384704828262329 0.27291959524154663 0.04797166585922241 0.25840848684310913
0.0 0.8911935091018677 0.14316704869270325 0.032194316387176514 0.16315937042236328
1.0 0.039854541420936584 0.7517260313034058 0.051293790340423584 0.2958054542541504
