0.0 0.5997428894042969 0.4405003786087036 0.032363712787628174 0.45317235589027405
0.0 0.5194085836410522 0.6704490780830383 0.023875534534454346 0.11683547496795654
1.0 0.6574887037277222 0.6944184303283691 0.027549684047698975 0.1901918649673462
1.0 0.7444803714752197 0.8664763569831848 0.025638341903686523 0.1386655569076538
1.0 0.930495023727417 0.8415766358375549 0.025376200675964355 0.13638699054718018
1.0 0.44234442710876465 0.772370457649231 0.023231178522109985 0.16370779275894165
1.0 0.42081987857818604 0.6489148736000061 0.0216066837310791 0.2077699899673462
1.0 0.09280696511268616 0.6823779940605164 0.027840234339237213 0.16456842422485352
1.0 0.550142765045166 0.6367822885513306 0.024501502513885498 0.17264598608016968
1.0 0.8079373836517334 0.9081789255142212 0.02248239517211914 0.13507360219955444
