0.0 0.5209136605262756 0.3858962953090668 0.11070991307497025 0.3024105131626129
0.0 0.5071921348571777 0.5533328652381897 0.04152074456214905 0.08319476991891861
1.0 0.6180493831634521 0.5393102765083313 0.057978782802820206 0.13299204409122467
1.0 0.7219038009643555 0.6368059515953064 0.0465083085000515 0.0996427834033966
1.0 0.8596466183662415 0.5795264840126038 0.04455962032079697 0.0976940169930458
1.0 0.4685328006744385 0.6385297179222107 0.05149592086672783 0.11609070748090744
1.0 0.4269203245639801 0.5605300068855286 0.05861550569534302 0.1440473347902298
1.0 0.1794346272945404 0.6543526649475098 0.05299116671085358 0.11654411256313324
1.0 0.5235675573348999 0.523875892162323 0.05285609886050224 0.12057644873857498
1.0 0.7800891399383545 0.6510009169578552 0.04306437820196152 0.09724061191082001
