0.0 0.3165280520915985 0.32994669675827026 0.029874026775360107 0.2909318208694458
0.0 0.7526202201843262 0.6537699699401855 0.03217571973800659 0.1735277771949768
0.0 0.8563485145568848 0.4009256362915039 0.030054330825805664 0.13503140211105347
0.0 0.9201626777648926 0.20352423191070557 0.03277707099914551 0.09990619122982025
0.0 0.5580633878707886 0.5764648914337158 0.03200650215148926 0.17258846759796143
0.0 0.2019822895526886 0.7078707218170166 0.020910978317260742 0.2623140215873718
0.0 0.23829951882362366 0.48889583349227905 0.023120760917663574 0.14335253834724426
1.0 0.3702237606048584 0.35255521535873413 0.023883938789367676 0.19546636939048767
1.0 0.45408517122268677 0.5936849117279053 0.02059081196784973 0.19060277938842773
1.0 0.5140897631645203 0.7258037328720093 0.02069544792175293 0.19343239068984985
1.0 0.6274611949920654 0.713670015335083 0.023959457874298096 0.1807316541671753
1.0 0.7081834077835083 0.7795509696006775 0.020747125148773193 0.0742877721786499
1.0 0.14371398091316223 0.448408305644989 0.0231492817401886 0.33230507373809814
1.0 0.2650206685066223 0.4780809283256531 0.018466264009475708 0.17196884751319885
1.0 0.09082111716270447 0.2856152653694153 0.01881325989961624 0.23456406593322754
