0.0 0.5531250238418579 0.3968749940395355 0.02187502384185791 0.30937498807907104
0.0 0.49140626192092896 0.5531250238418579 0.018749982118606567 0.08124995231628418
1.0 0.6015625 0.5718749761581421 0.02031254768371582 0.1328125
1.0 0.672656238079071 0.6953125 0.01874995231628418 0.09843754768371582
1.0 0.821093738079071 0.680468738079071 0.01718747615814209 0.09687495231628418
1.0 0.4296875 0.6234375238418579 0.018750011920928955 0.11562502384185791
1.0 0.4124999940395355 0.5367187261581421 0.01718747615814209 0.14531251788139343
1.0 0.1484375 0.5546875 0.020312488079071045 0.11562502384185791
1.0 0.515625 0.5296875238418579 0.01874995231628418 0.12031248211860657
1.0 0.7242187261581421 0.725781261920929 0.015625 0.09687495231628418
