0.0 0.5803127288818359 0.4767819344997406 0.04178589582443237 0.23777562379837036
0.0 0.5207765698432922 0.6375170946121216 0.04339674115180969 0.22647464275360107
0.0 0.3899967074394226 0.7954827547073364 0.02198144793510437 0.11785554885864258
0.0 0.21821388602256775 0.6430823802947998 0.03686036169528961 0.27223414182662964
0.0 0.8096662759780884 0.1342306137084961 0.021295011043548584 0.1148100197315216
0.0 0.6480893492698669 0.2345902919769287 0.03650224208831787 0.13051928579807281
1.0 0.08777935802936554 0.5433336496353149 0.025591574609279633 0.19187027215957642
1.0 0.3082634210586548 0.7286531925201416 0.02699458599090576 0.20229744911193848
1.0 0.7339301109313965 0.3045526146888733 0.027678608894348145 0.19831329584121704
1.0 0.8863369226455688 0.3359723389148712 0.029312551021575928 0.22057604789733887
0.0 0.8514975309371948 0.2236047089099884 0.021737098693847656 0.14617115259170532
1.0 0.16771048307418823 0.7201781272888184 0.025983229279518127 0.22169554233551025
1.0 0.019236475229263306 0.4086492359638214 0.02472597360610962 0.1396634578704834
