1.0 0.4971897602081299 0.5357277393341064 0.0827641636133194 0.24728283286094666
1.0 0.7310585379600525 0.4948880970478058 0.07979713380336761 0.24150268733501434
1.0 0.874553382396698 0.3881320059299469 0.05812446400523186 0.16094323992729187
1.0 0.8181784152984619 0.7095028758049011 0.07257291674613953 0.21464954316616058
1.0 0.8214747905731201 0.4820823669433594 0.048896338790655136 0.13189038634300232
1.0 0.37420836091041565 0.39411330223083496 0.06241151690483093 0.16375719010829926
1.0 0.186276376247406 0.4024370312690735 0.038060061633586884 0.09161067754030228
1.0 0.6659169793128967 0.4135444164276123 0.0648670643568039 0.18600614368915558
0.0 0.8098934888839722 0.3085785508155823 0.10178794711828232 0.317996084690094
0.0 0.8040168881416321 0.5021372437477112 0.0524224191904068 0.13449960947036743
0.0 0.10497713088989258 0.5462145805358887 0.047365427017211914 0.11570238322019577
0.0 0.5039771795272827 0.23633623123168945 0.04279012233018875 0.09869541972875595
