1.0 0.4800978899002075 0.5257225036621094 0.0673464983701706 0.2099919319152832
1.0 0.7036409378051758 0.5984070301055908 0.06472357362508774 0.20506824553012848
1.0 0.8769129514694214 0.5833391547203064 0.048157062381505966 0.1367352455854416
1.0 0.6853241920471191 0.7933290600776672 0.059201400727033615 0.18229058384895325
1.0 0.7887464165687561 0.6286864280700684 0.04074815288186073 0.11207092553377151
1.0 0.43463650345802307 0.3683944344520569 0.0523214228451252 0.13917408883571625
1.0 0.2658291459083557 0.29209837317466736 0.03246495872735977 0.07790444046258926
1.0 0.6823598146438599 0.5104478597640991 0.05331107974052429 0.1579943597316742
0.0 0.8552637100219727 0.4968985319137573 0.08188820630311966 0.26997309923171997
0.0 0.7645421028137207 0.6356804966926575 0.04415338113903999 0.11432571709156036
0.0 0.13084138929843903 0.361465185880661 0.04028782993555069 0.09838132560253143
0.0 0.6184006333351135 0.31004899740219116 0.03679049015045166 0.08395549654960632
