0.0 0.5940955281257629 0.543290913105011 0.05274522304534912 0.29853057861328125
0.0 0.5164587497711182 0.7427375316619873 0.052501142024993896 0.27844637632369995
0.0 0.3595232367515564 0.9321770668029785 0.024991750717163086 0.13564586639404297
0.0 0.17112740874290466 0.749147891998291 0.03842298686504364 0.3305450677871704
0.0 0.8905332088470459 0.10021637380123138 0.029916584491729736 0.15147998929023743
0.0 0.6882902383804321 0.2340477555990219 0.04601866006851196 0.16980484127998352
1.0 0.02614077739417553 0.6283488273620605 0.024758268147706985 0.2342979907989502
1.0 0.26945775747299194 0.8541169166564941 0.029205232858657837 0.2436317801475525
1.0 0.7869501709938049 0.3225070536136627 0.0381929874420166 0.2553477883338928
1.0 0.9678806066513062 0.36025935411453247 0.04448890686035156 0.28539320826530457
0.0 0.9346091747283936 0.2155696600675583 0.031877756118774414 0.19093361496925354
1.0 0.11204428970813751 0.8423843383789062 0.02567080408334732 0.26617300510406494
