1.0 0.47953930497169495 0.5083061456680298 0.06694535166025162 0.16904985904693604
1.0 0.7518483996391296 0.4459061622619629 0.06412957608699799 0.164928138256073
1.0 0.9284559488296509 0.34951797127723694 0.04872994124889374 0.11072757840156555
1.0 0.8264877796173096 0.5861086845397949 0.05899636074900627 0.14686128497123718
1.0 0.8567782640457153 0.42390331625938416 0.04146525263786316 0.09094791114330292
1.0 0.3553616404533386 0.42513424158096313 0.05354497581720352 0.11320284754037857
1.0 0.139396071434021 0.4578579366207123 0.033765505999326706 0.06384765356779099
1.0 0.6868116855621338 0.39734768867492676 0.05352092906832695 0.12758994102478027
0.0 0.8637614250183105 0.3021639585494995 0.08046279847621918 0.2166258841753006
0.0 0.8344677686691284 0.44065576791763306 0.04538585990667343 0.09316905587911606
0.0 0.02962357923388481 0.5717040300369263 0.041792575269937515 0.08052223175764084
0.0 0.5222160220146179 0.2944190204143524 0.03854157775640488 0.0690799206495285
1.0 0.9397606253623962 0.9556766152381897 0.05899636074900627 0.08864670991897583
