0.0 0.5823526382446289 0.4124104380607605 0.029874444007873535 0.3329211473464966
0.0 0.5188419818878174 0.579840898513794 0.02193427085876465 0.08746689558029175
1.0 0.6381406188011169 0.6009889245033264 0.024537205696105957 0.14266347885131836
1.0 0.7171295881271362 0.7338886260986328 0.022080838680267334 0.10552388429641724
1.0 0.8762615919113159 0.7191770672798157 0.02022606134414673 0.10368227958679199
1.0 0.45354288816452026 0.654802680015564 0.022699862718582153 0.12437742948532104
1.0 0.4331226348876953 0.5614201426506042 0.021661430597305298 0.1564466953277588
1.0 0.14667421579360962 0.5782245993614197 0.02473434805870056 0.1248999834060669
1.0 0.5445364713668823 0.554883599281311 0.022710025310516357 0.12943324446678162
1.0 0.7731467485427856 0.7668834924697876 0.018637001514434814 0.10372728109359741
