0.0 0.5702422857284546 0.37560978531837463 0.042808715254068375 0.3782661259174347
0.0 0.507512629032135 0.5691897869110107 0.025937272235751152 0.10049334913492203
1.0 0.635123074054718 0.5869404673576355 0.030470289289951324 0.16341817378997803
1.0 0.7241867780685425 0.7333023548126221 0.026900554075837135 0.12144315242767334
1.0 0.8934155106544495 0.7071513533592224 0.025136837735772133 0.11874885112047195
1.0 0.4408283829689026 0.658856213092804 0.027863765135407448 0.1423928141593933
1.0 0.4162132740020752 0.5532684922218323 0.027866188436746597 0.178106427192688
1.0 0.11404551565647125 0.5890310406684875 0.029506975784897804 0.1424683779478073
1.0 0.5341627597808838 0.5399723649024963 0.028104649856686592 0.14763030409812927
1.0 0.7850679755210876 0.7681173086166382 0.023493658751249313 0.11867329478263855
