0.0 0.3161240220069885 0.3607211410999298 0.029865503311157227 0.27626538276672363
0.0 0.75438392162323 0.6689740419387817 0.033007025718688965 0.163787841796875
0.0 0.8599462509155273 0.42991894483566284 0.030971229076385498 0.12826713919639587
0.0 0.9254189133644104 0.2423006296157837 0.03369438648223877 0.0953417420387268
0.0 0.5589568018913269 0.5951883792877197 0.032482147216796875 0.16310334205627441
0.0 0.2015640139579773 0.7177734375 0.02046819031238556 0.24701660871505737
0.0 0.23762774467468262 0.5112775564193726 0.02300994098186493 0.13564357161521912
1.0 0.37017014622688293 0.3824610114097595 0.024011731147766113 0.1855713129043579
1.0 0.4544326364994049 0.6110818386077881 0.020819365978240967 0.18003630638122559
1.0 0.514552116394043 0.7359946966171265 0.021023035049438477 0.1822156310081482
1.0 0.6284021735191345 0.7250198125839233 0.02450847625732422 0.17033052444458008
1.0 0.7092756032943726 0.7875049114227295 0.02107703685760498 0.06988799571990967
1.0 0.14256013929843903 0.4724196195602417 0.022435247898101807 0.31459060311317444
1.0 0.26445573568344116 0.5011126399040222 0.01834365725517273 0.16277146339416504
1.0 0.08895331621170044 0.3180587589740753 0.018217287957668304 0.22280746698379517
