0.0 0.056897491216659546 0.4602423310279846 0.05596353858709335 0.3363993763923645
0.0 0.030898138880729675 0.26070845127105713 0.02312406152486801 0.11225684732198715
1.0 7.64960132073611e-05 0.2847229838371277 0.0001529920264147222 0.21397604048252106
0.0 0.15445277094841003 0.4687134027481079 0.05596353858709335 0.3363993763923645
0.0 0.4849320948123932 0.594840407371521 0.0363951101899147 0.19907020032405853
0.0 0.21445609629154205 0.2766474187374115 0.02312406152486801 0.11225684732198715
1.0 0.25759583711624146 0.30857571959495544 0.03450457751750946 0.21397604048252106
1.0 0.36515530943870544 0.6561033725738525 0.029404206201434135 0.1699095517396927
1.0 0.4361203610897064 0.5463153719902039 0.03176366165280342 0.19708174467086792
1.0 0.713608980178833 0.5156564712524414 0.04198091849684715 0.21938422322273254
