1.0 0.49369531869888306 0.531906008720398 0.06486786156892776 0.21037405729293823
1.0 0.7261516451835632 0.4969977140426636 0.06229653209447861 0.20545580983161926
1.0 0.8744127154350281 0.4060642719268799 0.046570006757974625 0.1369246244430542
1.0 0.7968994379043579 0.6795486211776733 0.05705435574054718 0.1826120913028717
1.0 0.8158161640167236 0.48604023456573486 0.0394553542137146 0.11220850050449371
1.0 0.38270118832588196 0.4114935100078583 0.05072671175003052 0.1393212080001831
1.0 0.19759303331375122 0.4187036156654358 0.031592149287462234 0.07794292271137238
1.0 0.6677961945533752 0.42782875895500183 0.05146269500255585 0.15824539959430695
0.0 0.816406786441803 0.33841824531555176 0.07867225259542465 0.270529180765152
0.0 0.797291100025177 0.503116250038147 0.04285072535276413 0.11443036794662476
0.0 0.10785061120986938 0.5410953760147095 0.0391811728477478 0.09843973070383072
0.0 0.5210021138191223 0.2771569788455963 0.03586116060614586 0.08397205919027328
