0.0 0.556264340877533 0.4785425662994385 0.047535985708236694 0.24107716977596283
0.0 0.4865398406982422 0.6371091604232788 0.04868226870894432 0.22942113876342773
0.0 0.3443707525730133 0.7884169220924377 0.024479540064930916 0.11861442774534225
0.0 0.1789482682943344 0.6254221796989441 0.041644055396318436 0.272839218378067
0.0 0.8128493428230286 0.14289171993732452 0.0244242362678051 0.11705285310745239
0.0 0.6391006112098694 0.23679453134536743 0.03981223702430725 0.1331939995288849
1.0 0.05296839401125908 0.5185476541519165 0.02861538715660572 0.19128035008907318
1.0 0.2648269236087799 0.7168036103248596 0.030592115595936775 0.20304708182811737
1.0 0.7247797846794128 0.3117523193359375 0.032098252326250076 0.2015409618616104
1.0 0.8820836544036865 0.3509441912174225 0.035298656672239304 0.22582753002643585
0.0 0.8517993688583374 0.2349545955657959 0.02555915154516697 0.14906400442123413
1.0 0.12395234405994415 0.6993011832237244 0.02969493344426155 0.22173000872135162
