1.0 0.5606141090393066 0.5278049111366272 0.03642475605010986 0.2360004484653473
1.0 0.8518887758255005 0.551181972026825 0.030954420566558838 0.22744324803352356
1.0 0.8764604330062866 0.7654009461402893 0.02969604730606079 0.20429372787475586
1.0 0.9611456990242004 0.5623874664306641 0.023342132568359375 0.12216264009475708
1.0 0.46690934896469116 0.36795133352279663 0.03529408574104309 0.15361100435256958
1.0 0.23500506579875946 0.32440680265426636 0.025339454412460327 0.08601123094558716
1.0 0.8052783012390137 0.46213847398757935 0.02875542640686035 0.17377027869224548
0.0 0.9956617951393127 0.4077048897743225 0.008676409721374512 0.2949908971786499
0.0 0.9339388608932495 0.5757648944854736 0.027415215969085693 0.1241946816444397
0.0 0.07565717399120331 0.43314170837402344 0.03220187872648239 0.11040735244750977
0.0 0.68035489320755 0.2631798982620239 0.027103781700134277 0.0897073745727539
