1.0 0.5109738707542419 0.566265881061554 0.024218708276748657 0.26549649238586426
1.0 0.7825301885604858 0.6019860506057739 0.023978829383850098 0.2647934854030609
1.0 0.9782401323318481 0.5398794412612915 0.023358166217803955 0.17724508047103882
1.0 0.820226788520813 0.8517590761184692 0.023727834224700928 0.23713940382003784
1.0 0.8895166516304016 0.6190653443336487 0.020464301109313965 0.1443718671798706
1.0 0.41698867082595825 0.38565337657928467 0.024999141693115234 0.17174088954925537
1.0 0.21595989167690277 0.3367294669151306 0.017148226499557495 0.09370419383049011
1.0 0.7321138978004456 0.4974184036254883 0.022609353065490723 0.2017587423324585
0.0 0.9263337850570679 0.4366917908191681 0.028320610523223877 0.3515090346336365
0.0 0.8636694550514221 0.6338037252426147 0.024123311042785645 0.14637190103530884
0.0 0.09360706061124802 0.4526909291744232 0.02032102644443512 0.11794906854629517
0.0 0.6017684936523438 0.26693564653396606 0.022187650203704834 0.10301849246025085
