0.0 0.5527503490447998 0.4709569811820984 0.06363371759653091 0.24259603023529053
0.0 0.5056585073471069 0.6376520395278931 0.06397707015275955 0.23110143840312958
0.0 0.38581496477127075 0.8071913719177246 0.03239212930202484 0.1194361224770546
0.0 0.19941261410713196 0.6686776876449585 0.05994950607419014 0.27372944355010986
0.0 0.7603765726089478 0.10300496965646744 0.03223074600100517 0.11788193136453629
0.0 0.6013073325157166 0.22006623446941376 0.04860936105251312 0.134956955909729
1.0 0.05984516441822052 0.5802807211875916 0.04145300015807152 0.19186490774154663
1.0 0.2971195578575134 0.7472847104072571 0.04421789571642876 0.20368234813213348
1.0 0.6965422034263611 0.28243550658226013 0.04561057686805725 0.20228968560695648
1.0 0.8577579855918884 0.29946380853652954 0.05044405162334442 0.22662097215652466
0.0 0.8117015361785889 0.18878623843193054 0.03554016351699829 0.1497417688369751
1.0 0.15517857670783997 0.7494614124298096 0.04460097849369049 0.2221706360578537
