0.0 0.5396680235862732 0.4372568726539612 0.09911619871854782 0.22270551323890686
0.0 0.5264187455177307 0.5973071455955505 0.0974191352725029 0.21269993484020233
0.0 0.4475381672382355 0.7724790573120117 0.04984940215945244 0.11008621752262115
0.0 0.2534445524215698 0.6797678470611572 0.10180088132619858 0.2492772340774536
0.0 0.6626127362251282 0.06649638712406158 0.04939340800046921 0.10859169065952301
0.0 0.5395435690879822 0.20124050974845886 0.06694734841585159 0.1261456310749054
1.0 0.11153126507997513 0.6242295503616333 0.07094906270503998 0.1748056709766388
1.0 0.35636159777641296 0.7333173155784607 0.07563512027263641 0.18572308123111725
1.0 0.6366347670555115 0.241048201918602 0.07667366415262222 0.18468452990055084
1.0 0.7862364053726196 0.2280804067850113 0.08455121517181396 0.2060634344816208
0.0 0.7245956659317017 0.1358010321855545 0.05805615708231926 0.13698717951774597
1.0 0.227632075548172 0.7611543536186218 0.07915585488080978 0.20170661807060242
1.0 0.022589294239878654 0.5224509835243225 0.04517858847975731 0.12847615778446198
