1.0 0.5009598731994629 0.5703993439674377 0.027380138635635376 0.23555168509483337
1.0 0.7644890546798706 0.5877254009246826 0.024493873119354248 0.23240917921066284
1.0 0.9512479305267334 0.5232652425765991 0.0221441388130188 0.15512651205062866
1.0 0.8017423152923584 0.8039934635162354 0.023583948612213135 0.2041957974433899
1.0 0.8669238090515137 0.5974899530410767 0.019843697547912598 0.125898540019989
1.0 0.40569618344306946 0.41349077224731445 0.027674496173858643 0.15467575192451477
1.0 0.20422378182411194 0.37888550758361816 0.019443273544311523 0.08521714806556702
1.0 0.7152773141860962 0.49804800748825073 0.023286879062652588 0.17856621742248535
0.0 0.9016791582107544 0.43398839235305786 0.027532994747161865 0.3108348846435547
0.0 0.8423111438751221 0.6117751002311707 0.023474812507629395 0.1274780035018921
0.0 0.08396558463573456 0.49038293957710266 0.023746207356452942 0.10666722059249878
0.0 0.5862122774124146 0.2978324294090271 0.022946715354919434 0.0930846631526947
