0.0 0.3155818283557892 0.3251357972621918 0.030783724039793015 0.23475301265716553
0.0 0.6853814125061035 0.6011366844177246 0.030409222468733788 0.14242015779018402
0.0 0.7789316177368164 0.3983314037322998 0.027889985591173172 0.11059770733118057
0.0 0.8369064331054688 0.23983986675739288 0.0297207273542881 0.08181130141019821
0.0 0.5183115601539612 0.5317158699035645 0.03035910241305828 0.14097586274147034
0.0 0.21080757677555084 0.6266009211540222 0.022949321195483208 0.2128436118364334
0.0 0.2459859997034073 0.45068955421447754 0.022424383088946342 0.11617805063724518
1.0 0.36099252104759216 0.3447863757610321 0.023877838626503944 0.1580609530210495
1.0 0.428594172000885 0.5423392057418823 0.02094453200697899 0.1550741344690323
1.0 0.4779801070690155 0.6517783403396606 0.02104479819536209 0.1579626500606537
1.0 0.5760462880134583 0.6457826495170593 0.023527055978775024 0.14795123040676117
1.0 0.644993245601654 0.7023994326591492 0.019103296101093292 0.061247821897268295
1.0 0.16637156903743744 0.4153922200202942 0.02627038210630417 0.26777383685112
1.0 0.2689511775970459 0.44281065464019775 0.018976714462041855 0.1391383558511734
1.0 0.1248701810836792 0.28309112787246704 0.020680764690041542 0.18824245035648346
