0.0 0.5803640484809875 0.41634202003479004 0.10931874811649323 0.302737295627594
0.0 0.47659212350845337 0.5484581589698792 0.04117334634065628 0.08322084695100784
1.0 0.5768057107925415 0.597886860370636 0.057396646589040756 0.13308215141296387
1.0 0.6096858382225037 0.7364871501922607 0.046081945300102234 0.09969259798526764
1.0 0.7561804056167603 0.7646540403366089 0.04413827881217003 0.09774885326623917
1.0 0.39736324548721313 0.5982158780097961 0.050990596413612366 0.11616425961256027
1.0 0.40565767884254456 0.5102002024650574 0.05797162279486656 0.14416906237602234
1.0 0.14746126532554626 0.4520066976547241 0.052487995475530624 0.11661048978567123
1.0 0.5064957737922668 0.5329134464263916 0.05232923477888107 0.12065647542476654
1.0 0.6503992080688477 0.7804127335548401 0.04264087975025177 0.0973026230931282
