0.0 0.5561248064041138 0.4781802296638489 0.045998528599739075 0.2408752590417862
0.0 0.4874241054058075 0.6371930837631226 0.04722065106034279 0.22920672595500946
0.0 0.3462335169315338 0.7894143462181091 0.023723559454083443 0.11850803345441818
0.0 0.1797635853290558 0.6274895071983337 0.03989872708916664 0.2726892828941345
0.0 0.8105403780937195 0.14088208973407745 0.02367832511663437 0.11694613099098206
0.0 0.6374006867408752 0.23590315878391266 0.03896871954202652 0.1329948604106903
1.0 0.05309726670384407 0.5214294791221619 0.027391530573368073 0.19117897748947144
1.0 0.26622962951660156 0.7183153629302979 0.029293067753314972 0.20293806493282318
1.0 0.7235614061355591 0.31030699610710144 0.030809594318270683 0.2014215588569641
1.0 0.881114661693573 0.3484838604927063 0.033854421228170395 0.2256980538368225
0.0 0.8500831723213196 0.2326919138431549 0.024606827646493912 0.14896392822265625
1.0 0.1252451241016388 0.7017215490341187 0.02827473357319832 0.22163496911525726
