0.0 0.562710165977478 0.39600658416748047 0.04387325048446655 0.36221054196357727
0.0 0.48316121101379395 0.5811203122138977 0.026802659034729004 0.09767043590545654
1.0 0.6068904399871826 0.5994646549224854 0.031119942665100098 0.16015511751174927
1.0 0.6813142895698547 0.7462933659553528 0.027071833610534668 0.12122666835784912
1.0 0.8540365695953369 0.7228038907051086 0.02407914400100708 0.11948764324188232
1.0 0.4082724153995514 0.6678857803344727 0.029886245727539062 0.13986432552337646
1.0 0.395389199256897 0.5650320649147034 0.030264288187026978 0.17325761914253235
1.0 0.09921935945749283 0.5965092778205872 0.033698439598083496 0.13750684261322021
1.0 0.5120955109596252 0.5524024367332458 0.02922642230987549 0.1438790261745453
1.0 0.7393794059753418 0.7819296717643738 0.023067235946655273 0.11990857124328613
