0.0 0.56163489818573 0.4928542375564575 0.04496532678604126 0.2991980314254761
0.0 0.48868176341056824 0.6963487863540649 0.04779583215713501 0.2891564965248108
0.0 0.33220040798187256 0.8992892503738403 0.025019973516464233 0.1519569754600525
0.0 0.14115417003631592 0.7061254978179932 0.04307626187801361 0.3455004096031189
0.0 0.83148193359375 0.06730784475803375 0.022867560386657715 0.1346156895160675
0.0 0.6449029445648193 0.18973925709724426 0.038987934589385986 0.1613113284111023
1.0 0.006287796888500452 0.5807111859321594 0.012575593777000904 0.2404007911682129
1.0 0.24024483561515808 0.8147505521774292 0.03075993061065674 0.25888681411743164
1.0 0.7422511577606201 0.275146484375 0.027971744537353516 0.2458317130804062
1.0 0.9170140027999878 0.3118380010128021 0.03226441144943237 0.2757118344306946
0.0 0.8782403469085693 0.17273147404193878 0.023431897163391113 0.18017831444740295
1.0 0.07974718511104584 0.8039382696151733 0.031054921448230743 0.2829776406288147
