0.0 0.9969627857208252 0.014119179919362068 0.006074373610317707 0.028238359838724136
1.0 0.020093852654099464 0.16749520599842072 0.04018770530819893 0.179885134100914
0.0 0.3567112684249878 0.3113274872303009 0.08967633545398712 0.2256922870874405
0.0 0.6573745012283325 0.6726159453392029 0.0659489706158638 0.14012256264686584
0.0 0.802239716053009 0.5065037608146667 0.055419739335775375 0.10997927933931351
0.0 0.9002956748008728 0.37257087230682373 0.049938395619392395 0.08383243530988693
0.0 0.5075899958610535 0.5615985989570618 0.06553427129983902 0.13877198100090027
0.0 0.17570674419403076 0.5675756335258484 0.07642553746700287 0.2032756805419922
0.0 0.2553306519985199 0.41098788380622864 0.051454052329063416 0.11365438252687454
1.0 0.3972264528274536 0.34224095940589905 0.06347984820604324 0.15281948447227478
1.0 0.41506531834602356 0.5472281575202942 0.05983823165297508 0.1492549031972885
1.0 0.4369007647037506 0.6640326380729675 0.06066763401031494 0.1519559770822525
1.0 0.5366180539131165 0.6850451827049255 0.06057710200548172 0.1433658003807068
1.0 0.5913731455802917 0.7572773098945618 0.03428996726870537 0.06190281733870506
1.0 0.18451252579689026 0.35599127411842346 0.09358959645032883 0.25502723455429077
1.0 0.280316561460495 0.40979281067848206 0.053870633244514465 0.13396742939949036
1.0 0.17634256184101105 0.21973726153373718 0.06796983629465103 0.179885134100914
