1.0 0.49120891094207764 0.5361100435256958 0.02322062849998474 0.2247639000415802
1.0 0.751491129398346 0.5521590709686279 0.021001815795898438 0.22215154767036438
1.0 0.9385582208633423 0.49007144570350647 0.019993305206298828 0.14763730764389038
1.0 0.7808037400245667 0.7603553533554077 0.020736336708068848 0.19832760095596313
1.0 0.8527218103408813 0.5609734058380127 0.018026649951934814 0.12046164274215698
1.0 0.40465086698532104 0.38718730211257935 0.02456754446029663 0.14589333534240723
1.0 0.20849688351154327 0.35488903522491455 0.017479658126831055 0.08015471696853638
1.0 0.7061233520507812 0.46663230657577515 0.02041614055633545 0.1695534884929657
0.0 0.8922853469848633 0.4061315357685089 0.023171424865722656 0.29384106397628784
0.0 0.8278323411941528 0.5746933221817017 0.021590054035186768 0.12210184335708618
0.0 0.08374018967151642 0.4604303240776062 0.021259009838104248 0.10112830996513367
0.0 0.5871238112449646 0.27803805470466614 0.021057486534118652 0.08710390329360962
