1.0 0.013666221871972084 0.10416301339864731 0.027332443743944168 0.20832602679729462
0.0 0.3628845512866974 0.2650724947452545 0.10770987719297409 0.2687593996524811
0.0 0.6750785708427429 0.6880499124526978 0.07778478413820267 0.166619211435318
0.0 0.8410323262214661 0.48805761337280273 0.06493715196847916 0.1306898295879364
0.0 0.9543440937995911 0.3271732032299042 0.05767214298248291 0.09943801909685135
0.0 0.5164005160331726 0.5591951608657837 0.07726976275444031 0.1650080382823944
0.0 0.15330712497234344 0.5727571845054626 0.09239748120307922 0.24216748774051666
0.0 0.24750308692455292 0.38534143567085266 0.06092730537056923 0.13519397377967834
1.0 0.40576496720314026 0.30097612738609314 0.07586237043142319 0.18191589415073395
1.0 0.4159071147441864 0.5439410209655762 0.07179739326238632 0.1777234971523285
1.0 0.43444475531578064 0.6821582317352295 0.07282743602991104 0.1809457540512085
1.0 0.542497992515564 0.705156147480011 0.0722573921084404 0.17063814401626587
1.0 0.5990591049194336 0.7898260951042175 0.03983970731496811 0.07348702847957611
1.0 0.1725945919752121 0.32144248485565186 0.11348505318164825 0.3038744330406189
1.0 0.27487269043922424 0.38343605399131775 0.0646149143576622 0.1595163345336914
1.0 0.1698843389749527 0.15987305343151093 0.0821249857544899 0.21429376304149628
