0.0 0.024489304050803185 0.037942107766866684 0.04897860810160637 0.07588421553373337
0.0 0.16480626165866852 0.00024514697724953294 0.05689818784594536 0.0004902939544990659
1.0 0.6394909620285034 0.6762409210205078 0.10603673756122589 0.26458707451820374
0.0 0.7027171850204468 0.5348984599113464 0.07708907872438431 0.1671162247657776
1.0 0.8630402088165283 0.3674374222755432 0.053295452147722244 0.10577669739723206
1.0 0.9477824568748474 0.46180495619773865 0.058432240039110184 0.12083469331264496
0.0 0.1537918597459793 0.41046324372291565 0.07460973411798477 0.16405285894870758
0.0 0.27601832151412964 0.5270652770996094 0.06075077876448631 0.1360401213169098
0.0 0.30906471610069275 0.3609966039657593 0.05689818784594536 0.12474662065505981
1.0 0.781609058380127 0.9802764058113098 0.10603673756122589 0.03944718465209007
