0.0 0.5110033750534058 0.3871995806694031 0.10807662457227707 0.25705939531326294
0.0 0.49572744965553284 0.5339891910552979 0.04086928814649582 0.07186383008956909
1.0 0.6067607998847961 0.5122509002685547 0.056882020086050034 0.11400974541902542
1.0 0.7097569108009338 0.5880954265594482 0.04570680856704712 0.0857381746172905
1.0 0.8480871915817261 0.5264250040054321 0.043766945600509644 0.08395377546548843
1.0 0.4562638998031616 0.6114073395729065 0.050544384866952896 0.09961244463920593
1.0 0.4153554439544678 0.5471586585044861 0.05739998072385788 0.12305405735969543
1.0 0.16689833998680115 0.6500561237335205 0.052044447511434555 0.10013547539710999
1.0 0.5123821496963501 0.5069626569747925 0.05186363682150841 0.10339628905057907
1.0 0.7678353190422058 0.5954306721687317 0.042266882956027985 0.08343074470758438
1.0 0.9221962690353394 0.99821537733078 0.042266882956027985 0.003569202497601509
