0.0 0.324441134929657 0.33218640089035034 0.047674208879470825 0.308322548866272
0.0 0.864670991897583 0.6941975355148315 0.045718371868133545 0.18840551376342773
0.0 0.9689890742301941 0.4254850149154663 0.04150199890136719 0.14613306522369385
0.0 0.6264593601226807 0.6030125617980957 0.04528743028640747 0.1859595775604248
0.0 0.2172962725162506 0.7290182113647461 0.03633010387420654 0.2800111770629883
0.0 0.24443496763706207 0.4975309669971466 0.03335556387901306 0.15260273218154907
1.0 0.38873594999313354 0.35764002799987793 0.03648710250854492 0.20773237943649292
1.0 0.5047436952590942 0.6173651814460754 0.03255259990692139 0.20439434051513672
1.0 0.5855567455291748 0.761617124080658 0.03286546468734741 0.20855629444122314
1.0 0.7195335626602173 0.7535037398338318 0.03618592023849487 0.19556212425231934
1.0 0.8213091492652893 0.8282663822174072 0.027967333793640137 0.08106529712677002
1.0 0.13194218277931213 0.45169883966445923 0.0419788658618927 0.3513919413089752
1.0 0.274796724319458 0.4870617687702179 0.029217511415481567 0.1828414797782898
1.0 0.06005130335688591 0.27843865752220154 0.032422371208667755 0.24657458066940308
