0.0 0.5808942317962646 0.4168546199798584 0.11116164922714233 0.3023027777671814
0.0 0.47628453373908997 0.5483083724975586 0.0416334792971611 0.08318588137626648
1.0 0.5761818885803223 0.5983731150627136 0.058167751878499985 0.13296207785606384
1.0 0.6081802248954773 0.7371796369552612 0.04664669185876846 0.0996260941028595
1.0 0.7544927597045898 0.7662772536277771 0.0446963831782341 0.09767571091651917
1.0 0.39674094319343567 0.5975614190101624 0.051659952849149704 0.11606621742248535
1.0 0.40559473633766174 0.5096002817153931 0.05882454663515091 0.14400704205036163
1.0 0.14777348935604095 0.44976651668548584 0.053154487162828445 0.11652196198701859
1.0 0.5062863826751709 0.5329540371894836 0.05302712321281433 0.12054983526468277
1.0 0.6486135721206665 0.7813631892204285 0.04320184886455536 0.09721996635198593
