1.0 0.4808986783027649 0.5574791431427002 0.01984548568725586 0.23071753978729248
1.0 0.7344316244125366 0.584716260433197 0.01791483163833618 0.22616839408874512
1.0 0.9136452078819275 0.5296071171760559 0.017953991889953613 0.14993631839752197
1.0 0.765023410320282 0.7966216802597046 0.017855525016784668 0.20023924112319946
1.0 0.8320019245147705 0.5979571342468262 0.016141772270202637 0.12236464023590088
1.0 0.392962783575058 0.4003363251686096 0.022265911102294922 0.151055246591568
1.0 0.19714844226837158 0.35747334361076355 0.01623101532459259 0.08358925580978394
1.0 0.689473032951355 0.49568212032318115 0.01792377233505249 0.17345356941223145
0.0 0.8685827255249023 0.4419493079185486 0.019645988941192627 0.2995253801345825
0.0 0.8082243204116821 0.6108635663986206 0.01953226327896118 0.12412267923355103
0.0 0.07459129393100739 0.46155625581741333 0.01967339962720871 0.1054842472076416
0.0 0.5707645416259766 0.2963327169418335 0.01958400011062622 0.0900624692440033
