0.0 0.6068649291992188 0.40555548667907715 0.032501399517059326 0.346950501203537
0.0 0.5355756282806396 0.5773071050643921 0.02402675151824951 0.09305328130722046
1.0 0.6688068509101868 0.604137659072876 0.02759087085723877 0.15178126096725464
1.0 0.7578402757644653 0.7484078407287598 0.025417804718017578 0.11388272047042847
1.0 0.9369370937347412 0.7385796308517456 0.024209260940551758 0.1117963194847107
1.0 0.4621070623397827 0.6543536186218262 0.02433672547340393 0.13289201259613037
1.0 0.4401595890522003 0.5550068616867065 0.022636473178863525 0.16543063521385193
1.0 0.1209985762834549 0.5622400045394897 0.024747364223003387 0.13231459259986877
1.0 0.5643563270568848 0.5520533323287964 0.02482813596725464 0.13704854249954224
1.0 0.8211943507194519 0.7859123349189758 0.02188432216644287 0.11221790313720703
