0.0 0.6062742471694946 0.4331848621368408 0.10529427230358124 0.3054715692996979
0.0 0.4894670248031616 0.5634962320327759 0.04368661344051361 0.08474902808666229
1.0 0.6220318675041199 0.6179042458534241 0.05840997397899628 0.13492558896541595
1.0 0.6803543567657471 0.759885311126709 0.047999538481235504 0.10131975263357162
1.0 0.8688377737998962 0.7934610843658447 0.04567567631602287 0.09878388047218323
1.0 0.39493703842163086 0.6118769645690918 0.052312370389699936 0.1178903579711914
1.0 0.3954453766345978 0.5220688581466675 0.05789566412568092 0.14573413133621216
1.0 0.06168777868151665 0.45363089442253113 0.0540970116853714 0.11835484951734543
1.0 0.5255563855171204 0.5492984056472778 0.05339067801833153 0.12203308194875717
1.0 0.7368738651275635 0.806296169757843 0.043891072273254395 0.0983193963766098
