0.0 0.3062500059604645 0.33515626192092896 0.02499997615814209 0.25312501192092896
0.0 0.7242187261581421 0.6195312738418579 0.02812504768371582 0.15312504768371582
0.0 0.819531261920929 0.3968749940395355 0.02656245231628418 0.11874997615814209
0.0 0.8773437738418579 0.22343750298023224 0.02968752384185791 0.08750000596046448
0.0 0.5375000238418579 0.55078125 0.02812504768371582 0.15156248211860657
0.0 0.20234374701976776 0.664843738079071 0.017187505960464478 0.22968745231628418
0.0 0.234375 0.47343748807907104 0.020312488079071045 0.125
1.0 0.3570312559604645 0.35468751192092896 0.020312488079071045 0.1703125238418579
1.0 0.4390625059604645 0.565625011920929 0.01718747615814209 0.16718748211860657
1.0 0.49765628576278687 0.6820312738418579 0.017187505960464478 0.1703125238418579
1.0 0.60546875 0.671875 0.02031254768371582 0.15937495231628418
1.0 0.68359375 0.73046875 0.01874995231628418 0.06562495231628418
1.0 0.14531250298023224 0.43828123807907104 0.018750011920928955 0.2890625
1.0 0.2593750059604645 0.46406251192092896 0.015625 0.1499999761581421
1.0 0.09453125298023224 0.296875 0.015625 0.203125
