0.0 0.5741414427757263 0.45709314942359924 0.13343876600265503 0.27887365221977234
0.0 0.5612242817878723 0.6587247848510742 0.1308584213256836 0.2665780186653137
0.0 0.4641048014163971 0.8830408453941345 0.06688045710325241 0.13758718967437744
0.0 0.21158364415168762 0.7758200764656067 0.13735869526863098 0.3114238977432251
0.0 0.723673403263092 0.026113666594028473 0.06630001217126846 0.052227333188056946
0.0 0.5675292611122131 0.1595897376537323 0.08895169943571091 0.1587485820055008
1.0 0.03709832951426506 0.7129059433937073 0.07419665902853012 0.21813097596168518
1.0 0.3454623520374298 0.8388285636901855 0.10177350789308548 0.2316240668296814
1.0 0.6944261193275452 0.20484548807144165 0.10296636074781418 0.2305036187171936
1.0 0.88690185546875 0.18103565275669098 0.11462397873401642 0.2580501139163971
0.0 0.8052222728729248 0.07669985294342041 0.07820002734661102 0.15339970588684082
1.0 0.18033000826835632 0.8767168521881104 0.106966033577919 0.24656625092029572
