0.0 0.5698338747024536 0.40737026929855347 0.073990598320961 0.30860692262649536
0.0 0.48252707719802856 0.5509001016616821 0.03224876523017883 0.08325229585170746
1.0 0.5879121422767639 0.5880477428436279 0.04252740368247032 0.1343337595462799
1.0 0.6370576024055481 0.721748411655426 0.035161640495061874 0.10019125044345856
1.0 0.78586345911026 0.732276201248169 0.03335694223642349 0.09838645160198212
1.0 0.40978479385375977 0.6097355484962463 0.03807458654046059 0.1171301007270813
1.0 0.40754276514053345 0.5213583111763 0.04156600683927536 0.14612333476543427
1.0 0.1442548781633377 0.4943145513534546 0.03961445763707161 0.11739490926265717
1.0 0.5103676319122314 0.5319061279296875 0.038868945091962814 0.12174974381923676
1.0 0.6827104091644287 0.7605150938034058 0.03181707113981247 0.09812165051698685
