0.0 0.29940176010131836 0.35169535875320435 0.029178768396377563 0.2703355550765991
0.0 0.7707110643386841 0.6670800447463989 0.033595144748687744 0.16978991031646729
0.0 0.8783832788467407 0.42400461435317993 0.03194379806518555 0.1302657425403595
0.0 0.942897379398346 0.23553058505058289 0.0353468656539917 0.09511196613311768
0.0 0.5572762489318848 0.5875128507614136 0.03202712535858154 0.16596144437789917
0.0 0.18206238746643066 0.7042706608772278 0.02125297486782074 0.24930250644683838
0.0 0.21918201446533203 0.49825519323349 0.02345728874206543 0.13440820574760437
1.0 0.3554608225822449 0.37280037999153137 0.02330729365348816 0.18253540992736816
1.0 0.44626080989837646 0.6017043590545654 0.019628942012786865 0.18221575021743774
1.0 0.512230396270752 0.7303093671798706 0.01950925588607788 0.18747657537460327
1.0 0.6348294019699097 0.7219067811965942 0.023791968822479248 0.17623120546340942
1.0 0.7246980667114258 0.7886585593223572 0.022017717361450195 0.07338881492614746
1.0 0.12185098975896835 0.4598537087440491 0.02382369339466095 0.30856022238731384
1.0 0.24681010842323303 0.488649845123291 0.018422022461891174 0.16121795773506165
1.0 0.06839060038328171 0.30888453125953674 0.019581686705350876 0.21451441943645477
