0.0 0.5864103436470032 0.41169634461402893 0.04617346078157425 0.3383609354496002
0.0 0.5074812173843384 0.5772146582603455 0.026076510548591614 0.0901973769068718
1.0 0.6261623501777649 0.6061083078384399 0.031303368508815765 0.146429643034935
1.0 0.6953593492507935 0.7452913522720337 0.027299081906676292 0.108907550573349
1.0 0.8578037023544312 0.7394646406173706 0.025586988776922226 0.1064668744802475
1.0 0.43539363145828247 0.6500129103660583 0.0285215862095356 0.12761759757995605
1.0 0.42289823293685913 0.5536806583404541 0.02905098907649517 0.15947885811328888
1.0 0.13395696878433228 0.5543733835220337 0.0300807673484087 0.1277194768190384
1.0 0.5356172919273376 0.5539997816085815 0.02882729098200798 0.1322951763868332
1.0 0.7492992281913757 0.78248131275177 0.024027839303016663 0.10636499524116516
