1.0 0.4713880717754364 0.530492901802063 0.09371580183506012 0.2370932698249817
1.0 0.6934933066368103 0.6254115700721741 0.09050510078668594 0.23146985471248627
1.0 0.87421715259552 0.6177584528923035 0.06520150601863861 0.15464727580547333
1.0 0.6511964201927185 0.8461347818374634 0.08207056671380997 0.20586232841014862
1.0 0.777738630771637 0.6645143628120422 0.05468077212572098 0.12683066725730896
1.0 0.4433194398880005 0.34904128313064575 0.06957326829433441 0.15760916471481323
1.0 0.2781660556793213 0.25301122665405273 0.04202903434634209 0.08841940760612488
1.0 0.6820708513259888 0.5241917967796326 0.07307372242212296 0.17854759097099304
0.0 0.8622323870658875 0.5182458758354187 0.11592673510313034 0.3045263886451721
0.0 0.7519068717956543 0.671144962310791 0.0582907609641552 0.12954165041446686
0.0 0.1304597556591034 0.3245261311531067 0.05238655209541321 0.1116163581609726
0.0 0.6400688290596008 0.2927338480949402 0.04704471677541733 0.09539829194545746
