0.0 0.5524930953979492 0.46088528633117676 0.06374874711036682 0.2552509009838104
0.0 0.47399285435676575 0.6233383417129517 0.06398013979196548 0.24303573369979858
0.0 0.3280796408653259 0.7730738520622253 0.03247213363647461 0.1259419471025467
0.0 0.1855209469795227 0.5910101532936096 0.061087582260370255 0.2881847620010376
0.0 0.8203123211860657 0.12477599829435349 0.03227924555540085 0.12417230755090714
0.0 0.6499290466308594 0.21275389194488525 0.048245467245578766 0.14164967834949493
1.0 0.07622536271810532 0.4707668721675873 0.04234480857849121 0.20220856368541718
1.0 0.2592974603176117 0.6921626329421997 0.04527579993009567 0.21476829051971436
1.0 0.7239561676979065 0.29692262411117554 0.046664148569107056 0.21317094564437866
1.0 0.8687320947647095 0.3485107719898224 0.050944868475198746 0.23811811208724976
0.0 0.8494296669960022 0.22464358806610107 0.0359429270029068 0.15779536962509155
1.0 0.1278267204761505 0.6653026938438416 0.045815642923116684 0.23406194150447845
1.0 0.029984721913933754 0.32247668504714966 0.03636722266674042 0.14734987914562225
