1.0 0.6561626195907593 0.7380076050758362 0.12975648045539856 0.3307822048664093
0.0 0.6969683766365051 0.5719558596611023 0.09054866433143616 0.20735575258731842
1.0 0.8250303268432617 0.38506823778152466 0.06092017889022827 0.13103437423706055
1.0 0.915764331817627 0.5090866088867188 0.06750484555959702 0.14982648193836212
0.0 0.17253783345222473 0.361316978931427 0.08756175637245178 0.20377303659915924
0.0 0.30022910237312317 0.5170190930366516 0.07196423411369324 0.16914211213588715
0.0 0.3102523386478424 0.31793156266212463 0.06715232878923416 0.1554093062877655
1.0 0.9887397289276123 0.32097771763801575 0.022520598024129868 0.13103437423706055
1.0 0.9903519749641418 0.47450539469718933 0.019296104088425636 0.14982648193836212
1.0 0.7934281229972839 0.9821805357933044 0.12975648045539856 0.035638902336359024
