1.0 0.4865652024745941 0.5319246053695679 0.023375991731882095 0.20693647861480713
1.0 0.722313642501831 0.5554741024971008 0.02168475091457367 0.20232489705085754
1.0 0.8898178935050964 0.5056175589561462 0.019935349002480507 0.13375404477119446
1.0 0.7458364963531494 0.7451480627059937 0.021101616322994232 0.17946794629096985
1.0 0.8126220107078552 0.5669268369674683 0.01773860678076744 0.10933314263820648
1.0 0.4082217812538147 0.39117002487182617 0.023910755291581154 0.13537824153900146
1.0 0.22563187777996063 0.35296639800071716 0.01686396449804306 0.07504770904779434
1.0 0.6825878620147705 0.4759339988231659 0.020479606464505196 0.1550871580839157
0.0 0.8500531911849976 0.4276012182235718 0.024911576882004738 0.2671264410018921
0.0 0.7902660369873047 0.5785548090934753 0.02092682756483555 0.11093726009130478
0.0 0.10742748528718948 0.44677481055259705 0.020518602803349495 0.09493737667798996
0.0 0.576833963394165 0.2978852689266205 0.020149314776062965 0.08046132326126099
