0.0 0.5651525259017944 0.3950265049934387 0.07564989477396011 0.33722516894340515
0.0 0.5240845084190369 0.5737428665161133 0.033720217645168304 0.09112320095300674
1.0 0.6462084054946899 0.5761512517929077 0.04388377442955971 0.14694839715957642
1.0 0.7440017461776733 0.6969676613807678 0.03659340366721153 0.1096518337726593
1.0 0.9012964963912964 0.6559740304946899 0.03469011187553406 0.10709629207849503
1.0 0.46954235434532166 0.6604686379432678 0.03946651145815849 0.12818032503128052
1.0 0.43640848994255066 0.5691549777984619 0.04283083230257034 0.15959389507770538
1.0 0.15452484786510468 0.6326306462287903 0.04101056233048439 0.12841975688934326
1.0 0.546502411365509 0.5449677109718323 0.0401848703622818 0.1328125298023224
1.0 0.8047351837158203 0.7215451598167419 0.03314608708024025 0.10685686767101288
