1.0 0.025543713942170143 0.6274240016937256 0.051087427884340286 0.18515299260616302
1.0 0.019609155133366585 0.8114146590232849 0.03921831026673317 0.21395573019981384
1.0 0.03704597428441048 0.48640504479408264 0.050605468451976776 0.1355482041835785
0.0 0.5432937741279602 0.43381503224372864 0.08826638013124466 0.23489250242710114
0.0 0.5333290696144104 0.5993028879165649 0.08668188750743866 0.2240249067544937
0.0 0.4663759768009186 0.7743309140205383 0.0443698950111866 0.11601284146308899
0.0 0.29649418592453003 0.6593670845031738 0.0908999890089035 0.2639613747596741
0.0 0.6466895341873169 0.05919240415096283 0.04395826533436775 0.11441266536712646
0.0 0.5408705472946167 0.18791860342025757 0.05933190509676933 0.1318156123161316
1.0 0.1724037379026413 0.5880706906318665 0.06336449831724167 0.18515299260616302
1.0 0.3866161108016968 0.724899411201477 0.0675421804189682 0.19668756425380707
1.0 0.6257858872413635 0.238583043217659 0.0684271827340126 0.19542092084884644
1.0 0.7558977007865906 0.23923687636852264 0.07548589259386063 0.21815656125545502
0.0 0.7013298869132996 0.13726316392421722 0.051778312772512436 0.144815593957901
1.0 0.27482080459594727 0.7417126297950745 0.07077294588088989 0.21395573019981384
1.0 0.08890989422798157 0.47306492924690247 0.050605468451976776 0.1355482041835785
0.0 0.9932306408882141 0.01167573593556881 0.013538761995732784 0.02335147187113762
1.0 0.980957567691803 0.176538348197937 0.03808481991291046 0.21815656125545502
0.0 0.98618084192276 0.0666494145989418 0.027638331055641174 0.1332988291978836
