0.0 0.6202445030212402 0.38999873399734497 0.031767189502716064 0.3401011526584625
0.0 0.5472217798233032 0.5598318576812744 0.023000001907348633 0.08962845802307129
1.0 0.6700419187545776 0.5829592943191528 0.025715351104736328 0.1448134183883667
1.0 0.7453305125236511 0.7178217172622681 0.022974133491516113 0.10622674226760864
1.0 0.906262218952179 0.7038816213607788 0.020975708961486816 0.10334867238998413
1.0 0.4756641983985901 0.6356515884399414 0.02386164665222168 0.12761837244033813
1.0 0.4579039216041565 0.5395819544792175 0.022770017385482788 0.1610252559185028
1.0 0.14874836802482605 0.5524511337280273 0.026278376579284668 0.13108867406845093
1.0 0.5750526189804077 0.5347350835800171 0.023845255374908447 0.13235050439834595
1.0 0.8007488250732422 0.7511349320411682 0.01943206787109375 0.10394108295440674
