1.0 0.5009686350822449 0.5251008868217468 0.048259489238262177 0.19867490231990814
1.0 0.7530807256698608 0.5045986771583557 0.0459505096077919 0.19409170746803284
1.0 0.9210319519042969 0.4271836280822754 0.03627954423427582 0.12905630469322205
1.0 0.8096864819526672 0.6793527007102966 0.04272685572504997 0.17241324484348297
1.0 0.8500657677650452 0.499039888381958 0.0311766117811203 0.10568512976169586
1.0 0.39486974477767944 0.4064538776874542 0.04065506532788277 0.1311202049255371
1.0 0.1962541788816452 0.40349048376083374 0.026341192424297333 0.07316743582487106
1.0 0.6979096531867981 0.4367275834083557 0.03928828611969948 0.14928950369358063
0.0 0.8660757541656494 0.3607577383518219 0.056748442351818085 0.2557615041732788
0.0 0.8284851908683777 0.5140664577484131 0.03472013399004936 0.107625313103199
0.0 0.08757708221673965 0.5134525895118713 0.032463543117046356 0.09245036542415619
0.0 0.5566959977149963 0.2878497242927551 0.03042192943394184 0.07872068881988525
