1.0 0.5608376860618591 0.73305344581604 0.024047857150435448 0.3042738735675812
0.0 0.6474801301956177 0.6044356226921082 0.025694282725453377 0.18758201599121094
1.0 0.820248544216156 0.4816758930683136 0.020503472536802292 0.1172705739736557
1.0 0.8665930032730103 0.6101974844932556 0.020962167531251907 0.13482646644115448
0.0 0.22947080433368683 0.2869720458984375 0.023610051721334457 0.184828519821167
0.0 0.3002777397632599 0.4520173966884613 0.01877126656472683 0.1536627858877182
0.0 0.36851614713668823 0.2873932421207428 0.018436064943671227 0.14083339273929596
1.0 0.9982959628105164 0.4768005907535553 0.0034081146586686373 0.1172705739736557
1.0 0.9672737717628479 0.6075669527053833 0.020962167531251907 0.13482646644115448
1.0 0.5703997611999512 0.9734452366828918 0.024047857150435448 0.05310949310660362
