0.0 0.5601938962936401 0.45656102895736694 0.05481894686818123 0.22413849830627441
0.0 0.4882500171661377 0.6001427173614502 0.05543838441371918 0.21337512135505676
0.0 0.3497675061225891 0.7332965135574341 0.02805393747985363 0.11057943850755692
0.0 0.20420971512794495 0.5749278664588928 0.05113595351576805 0.2531811594963074
0.0 0.8124599456787109 0.15833191573619843 0.027919979766011238 0.10902267694473267
0.0 0.6480394005775452 0.23750187456607819 0.0431358627974987 0.12423855811357498
1.0 0.09321903437376022 0.4705010950565338 0.03536831960082054 0.1776537001132965
1.0 0.2797548472881317 0.662975549697876 0.0378623828291893 0.1886848509311676
1.0 0.7232998013496399 0.3106265962123871 0.03928521275520325 0.18726199865341187
1.0 0.8669565320014954 0.3543480932712555 0.04271651804447174 0.20919041335582733
0.0 0.8441482186317444 0.2457440048456192 0.03046405129134655 0.13860096037387848
1.0 0.14992494881153107 0.6408308744430542 0.03777847811579704 0.20567519962787628
1.0 0.043217580765485764 0.3407388925552368 0.031217463314533234 0.12939436733722687
