0.0 0.0035103342961519957 0.00920847337692976 0.007020668592303991 0.01841694675385952
1.0 0.028469182550907135 0.011102734133601189 0.05693836510181427 0.022205468267202377
0.0 0.06112396717071533 0.6468864679336548 0.10981521010398865 0.2651492655277252
0.0 0.15307921171188354 0.616661787033081 0.10981521010398865 0.2651492655277252
0.0 0.4969361424446106 0.5860070586204529 0.0680256336927414 0.15770946443080902
0.0 0.1441393941640854 0.4528236985206604 0.04077254608273506 0.08957023173570633
1.0 0.19415968656539917 0.46020781993865967 0.06883745640516281 0.16838786005973816
1.0 0.4078284204006195 0.6758798956871033 0.05652143061161041 0.1342010498046875
1.0 0.4362225830554962 0.5685232877731323 0.06338702142238617 0.155088871717453
1.0 0.6796030402183533 0.44223788380622864 0.07670373469591141 0.17426131665706635
