0.0 0.6017410755157471 0.4299069046974182 0.1096005067229271 0.33249491453170776
0.0 0.4925343990325928 0.5772161483764648 0.04238225892186165 0.09129668772220612
1.0 0.6034714579582214 0.6283337473869324 0.05825706943869591 0.1460808366537094
1.0 0.6446920037269592 0.7782037854194641 0.04717031493782997 0.10942510515451431
1.0 0.8052386045455933 0.8036382794380188 0.04506101831793785 0.10676001012325287
1.0 0.4078238308429718 0.6348384618759155 0.05195828527212143 0.12755340337753296
1.0 0.4140346646308899 0.5378979444503784 0.058627188205718994 0.15812371671199799
1.0 0.13032369315624237 0.48316559195518494 0.053468987345695496 0.12795241177082062
1.0 0.5246003270149231 0.5598280429840088 0.053155362606048584 0.13208554685115814
1.0 0.6904984712600708 0.8250478506088257 0.043550342321395874 0.1063610166311264
