0.0 0.5415040254592896 0.36664217710494995 0.12222948670387268 0.34253376722335815
0.0 0.5266562104225159 0.5552024245262146 0.04554074630141258 0.0943133607506752
1.0 0.6476694941520691 0.5422846674919128 0.06355133652687073 0.15070533752441406
1.0 0.7616900205612183 0.6539341807365417 0.051047246903181076 0.1129639744758606
1.0 0.9112057685852051 0.5920486450195312 0.048867691308259964 0.11019235104322433
1.0 0.4852510392665863 0.651066780090332 0.05655365437269211 0.13161446154117584
1.0 0.4393659830093384 0.5615429282188416 0.06446944922208786 0.16303560137748718
1.0 0.16998492181301117 0.662197470664978 0.058044809848070145 0.13205471634864807
1.0 0.5446637868881226 0.5228506326675415 0.057930346578359604 0.13627715408802032
1.0 0.8252371549606323 0.6715006232261658 0.047376565635204315 0.1097521036863327
