0.0 0.30747461318969727 0.3435294032096863 0.03981173038482666 0.3259342610836029
0.0 0.7931517362594604 0.7290300130844116 0.03799718618392944 0.19525045156478882
0.0 0.890211820602417 0.45252761244773865 0.03462427854537964 0.15162581205368042
0.0 0.9472835063934326 0.23686423897743225 0.03669339418411255 0.11239074170589447
0.0 0.5801035165786743 0.6321300268173218 0.03835552930831909 0.19435733556747437
0.0 0.20279181003570557 0.7605718970298767 0.02999061346054077 0.2955895662307739
0.0 0.23112574219703674 0.516707181930542 0.028895661234855652 0.16155248880386353
1.0 0.3664339482784271 0.37167224287986755 0.030688941478729248 0.21918386220932007
1.0 0.46914565563201904 0.6458394527435303 0.02682340145111084 0.21419501304626465
1.0 0.5406922698020935 0.797162652015686 0.026849985122680664 0.21765810251235962
1.0 0.6620352268218994 0.78951096534729 0.02972245216369629 0.203321635723114
1.0 0.7523564100265503 0.8675726652145386 0.02382725477218628 0.08399391174316406
1.0 0.12693750858306885 0.46635860204696655 0.03458874672651291 0.3729639947414398
1.0 0.2594280242919922 0.5060939788818359 0.024580076336860657 0.19325262308120728
1.0 0.061853908002376556 0.2812344431877136 0.02723841369152069 0.2628319263458252
