0.0 0.3065852224826813 0.3401559889316559 0.032941997051239014 0.2871524691581726
0.0 0.7837761640548706 0.6560981869697571 0.03370499610900879 0.1695321798324585
0.0 0.8832977414131165 0.41070717573165894 0.030982613563537598 0.12985309958457947
0.0 0.942063570022583 0.222307488322258 0.03348338603973389 0.09535959362983704
0.0 0.5749572515487671 0.582352876663208 0.03429073095321655 0.16977959871292114
0.0 0.189336359500885 0.7172742486000061 0.02366332709789276 0.26423025131225586
0.0 0.22443591058254242 0.49746376276016235 0.025752097368240356 0.14288511872291565
1.0 0.36579573154449463 0.3624885082244873 0.026130586862564087 0.19250354170799255
1.0 0.4634712040424347 0.6001964807510376 0.02238517999649048 0.18856650590896606
1.0 0.5321445465087891 0.7301411628723145 0.022371113300323486 0.19179099798202515
1.0 0.6533145904541016 0.7164082527160645 0.02550572156906128 0.17809027433395386
1.0 0.7411196231842041 0.7796348333358765 0.021910488605499268 0.07328885793685913
1.0 0.11830297112464905 0.4576624631881714 0.02635214477777481 0.3324424922466278
1.0 0.2537052035331726 0.4866412580013275 0.020554155111312866 0.17108076810836792
1.0 0.05555745214223862 0.2946431040763855 0.021464098244905472 0.2339327484369278
