0.0 0.537946879863739 0.43620121479034424 0.10456615686416626 0.2217971682548523
0.0 0.5290554761886597 0.5965526103973389 0.10257279127836227 0.21192273497581482
0.0 0.45496833324432373 0.7738050818443298 0.052527427673339844 0.10966522991657257
0.0 0.2584249973297119 0.6864070892333984 0.10807173699140549 0.24796085059642792
0.0 0.6507623195648193 0.06223408505320549 0.052030954509973526 0.10818365961313248
0.0 0.5314034223556519 0.20027554035186768 0.06983261555433273 0.12598532438278198
1.0 0.1150536984205246 0.6347489953041077 0.0753546953201294 0.17386817932128906
1.0 0.36276039481163025 0.7371376156806946 0.08031114190816879 0.18473540246486664
1.0 0.6295413970947266 0.23742787539958954 0.08129625767469406 0.18375027179718018
1.0 0.7787349820137024 0.22039607167243958 0.08972754329442978 0.20498831570148468
0.0 0.714607298374176 0.12982730567455292 0.06146278604865074 0.13633304834365845
1.0 0.23483557999134064 0.7684654593467712 0.08429008722305298 0.20053596794605255
1.0 0.023771679028868675 0.535585343837738 0.04754335805773735 0.12794022262096405
