0.0 0.5481222867965698 0.4556937515735626 0.04333403334021568 0.19370532035827637
0.0 0.48781371116638184 0.586916983127594 0.04476766660809517 0.18424637615680695
0.0 0.35546377301216125 0.7158804535865784 0.022469310089945793 0.09551642835140228
0.0 0.1824749857187271 0.5939294695854187 0.037291619926691055 0.21932533383369446
0.0 0.7828952074050903 0.1727156937122345 0.022435056045651436 0.09415912628173828
0.0 0.6167935729026794 0.25771018862724304 0.03779975697398186 0.10675410181283951
1.0 0.05242230370640755 0.5150370597839355 0.025612499564886093 0.15392231941223145
1.0 0.2729216516017914 0.6622752547264099 0.027524853125214577 0.16346551477909088
1.0 0.7052424550056458 0.3132038414478302 0.029163632541894913 0.16215036809444427
1.0 0.8631877899169922 0.3363882601261139 0.03131527081131935 0.18119463324546814
0.0 0.8265663981437683 0.24495607614517212 0.02308467961847782 0.11994774639606476
1.0 0.13215070962905884 0.6563142538070679 0.026227917522192 0.17835360765457153
