0.0 0.26458773016929626 0.3822634816169739 0.12169266492128372 0.2836180627346039
0.0 0.7655997276306152 0.5520131587982178 0.08576491475105286 0.1759110987186432
0.0 0.7681602239608765 0.2780611217021942 0.07095092535018921 0.13800662755966187
0.0 0.7548021078109741 0.07015123218297958 0.0617309994995594 0.10506533831357956
0.0 0.5644269585609436 0.5395698547363281 0.08515789359807968 0.17421181499958038
0.0 0.29557669162750244 0.7754803895950317 0.10528793931007385 0.25552207231521606
0.0 0.2511488199234009 0.5566346645355225 0.06753911823034286 0.14271743595600128
1.0 0.31962382793426514 0.38655412197113037 0.08514201641082764 0.19199484586715698
1.0 0.4782160520553589 0.5885686278343201 0.08100807666778564 0.1875533014535904
1.0 0.5781857371330261 0.6956033110618591 0.082222118973732 0.19095179438591003
1.0 0.6749773025512695 0.6485730409622192 0.08089306950569153 0.1801002472639084
1.0 0.7707375288009644 0.6862174272537231 0.04301326349377632 0.07762549072504044
1.0 0.15427380800247192 0.5481292605400085 0.1298137605190277 0.3206140100955963
1.0 0.27086618542671204 0.5380949378013611 0.07287118583917618 0.16834035515785217
1.0 0.05189204588532448 0.411299467086792 0.09350906312465668 0.22611385583877563
0.0 0.9765749573707581 0.02040211483836174 0.04685003310441971 0.04080422967672348
