0.0 0.2878572344779968 0.3111218512058258 0.030469635501503944 0.2945623993873596
0.0 0.7149908542633057 0.633986234664917 0.03153456375002861 0.17842715978622437
0.0 0.8064007759094238 0.37355491518974304 0.02924336865544319 0.13845790922641754
0.0 0.8610460758209229 0.17098969221115112 0.03174128755927086 0.10220450162887573
0.0 0.5253928899765015 0.5574798583984375 0.03150199353694916 0.17661158740520477
0.0 0.1900179535150528 0.6960700154304504 0.022108130156993866 0.2671886682510376
0.0 0.2183077335357666 0.47309261560440063 0.023075265809893608 0.14560693502426147
1.0 0.33943891525268555 0.3328975439071655 0.024019736796617508 0.19825635850429535
1.0 0.4265022575855255 0.5765066146850586 0.02080538123846054 0.19456882774829865
1.0 0.48797619342803955 0.7107018828392029 0.020870547741651535 0.19819986820220947
1.0 0.5964121222496033 0.6969521045684814 0.02379181981086731 0.18554779887199402
1.0 0.6763635277748108 0.763620913028717 0.02026304230093956 0.07658975571393967
1.0 0.12782259285449982 0.43385398387908936 0.024920322000980377 0.3362058401107788
1.0 0.2433059811592102 0.4617477059364319 0.01887255534529686 0.17457011342048645
1.0 0.07370058447122574 0.2704695761203766 0.019979866221547127 0.23629702627658844
