0.0 0.6437160968780518 0.4171288311481476 0.055907368659973145 0.3761996626853943
0.0 0.5477766990661621 0.6045206785202026 0.03166681528091431 0.09980767965316772
1.0 0.6927082538604736 0.6319584846496582 0.03814762830734253 0.1634642481803894
1.0 0.7783389091491699 0.7857067584991455 0.033448755741119385 0.12231564521789551
1.0 0.9807337522506714 0.7735148072242737 0.03150707483291626 0.12043654918670654
1.0 0.46041661500930786 0.6884076595306396 0.03459525108337402 0.14144307374954224
1.0 0.4454522132873535 0.5819911956787109 0.035219043493270874 0.17642921209335327
1.0 0.10149922221899033 0.5948151350021362 0.03608238697052002 0.13929510116577148
1.0 0.5819740295410156 0.5775203704833984 0.03502297401428223 0.14685970544815063
1.0 0.845382809638977 0.8259004354476929 0.02947014570236206 0.1199679970741272
