0.0 0.9655964374542236 0.0182599239051342 0.05222117900848389 0.0365198478102684
0.0 0.559820830821991 0.49310311675071716 0.10491964966058731 0.24115167558193207
0.0 0.45309436321258545 0.6295374631881714 0.10312434285879135 0.23034492135047913
0.0 0.27796027064323425 0.7410458922386169 0.052660439163446426 0.11892119795084
0.0 0.15791775286197662 0.5422453284263611 0.10717771202325821 0.26991406083106995
0.0 0.8913544416427612 0.23121997714042664 0.05222117900848389 0.11742168664932251
0.0 0.6997965574264526 0.2793023884296417 0.0708591565489769 0.13658979535102844
1.0 0.06223573535680771 0.40756773948669434 0.07458744198083878 0.1890859454870224
1.0 0.21856717765331268 0.6520057916641235 0.07938166707754135 0.2007712721824646
1.0 0.7643089294433594 0.3730987012386322 0.08044183254241943 0.1997111290693283
1.0 0.907060444355011 0.449926495552063 0.08950023353099823 0.22361192107200623
0.0 0.9063607454299927 0.33005058765411377 0.061226870864629745 0.1481609046459198
1.0 0.08637925982475281 0.6002531051635742 0.08315382897853851 0.21832571923732758
