0.0 0.14131289720535278 0.009967230260372162 0.04722319543361664 0.019934460520744324
1.0 0.6008427739143372 0.7157040238380432 0.06297247856855392 0.2823028266429901
0.0 0.6712977886199951 0.584439754486084 0.04965318366885185 0.1755983978509903
1.0 0.8289060592651367 0.4462328851222992 0.03546642139554024 0.11041661351919174
1.0 0.8918538689613342 0.5583308935165405 0.03817420452833176 0.1265714019536972
0.0 0.211298868060112 0.3510872721672058 0.04722319543361664 0.17277559638023376
0.0 0.303463876247406 0.4934217929840088 0.03840574994683266 0.14351902902126312
0.0 0.3508458733558655 0.3315299153327942 0.03642697259783745 0.13171350955963135
1.0 0.9988723397254944 0.41496071219444275 0.0022553615272045135 0.11041661351919174
1.0 0.9867174625396729 0.5414574146270752 0.026565037667751312 0.1265714019536972
1.0 0.6572898030281067 0.9556595087051392 0.06297247856855392 0.08868101239204407
