1.0 0.023907970637083054 0.1109103187918663 0.04781594127416611 0.196780264377594
0.0 0.37201306223869324 0.28015491366386414 0.1076669692993164 0.24705512821674347
0.0 0.6717779040336609 0.6872274279594421 0.07739514112472534 0.15377220511436462
0.0 0.83564293384552 0.5088778734207153 0.06450207531452179 0.12083017081022263
0.0 0.9477872848510742 0.3644947111606598 0.057068608701229095 0.09239298850297928
0.0 0.5185011625289917 0.5603547096252441 0.07687605917453766 0.15229837596416473
0.0 0.16448719799518585 0.5566026568412781 0.0925123319029808 0.22235330939292908
0.0 0.2582835257053375 0.38670679926872253 0.06068326160311699 0.1246490627527237
1.0 0.4134223163127899 0.31544625759124756 0.07573582977056503 0.16738833487033844
1.0 0.4207228422164917 0.5416551232337952 0.07175016403198242 0.16340264678001404
1.0 0.4373196065425873 0.6709153056144714 0.0727883130311966 0.16635023057460785
1.0 0.5423833727836609 0.6971505284309387 0.07210248708724976 0.15707191824913025
1.0 0.5966072082519531 0.7783694863319397 0.03948540240526199 0.06812680512666702
1.0 0.18595750629901886 0.3239609897136688 0.11371016502380371 0.27887555956840515
1.0 0.28497812151908875 0.38616907596588135 0.06456682831048965 0.14667215943336487
1.0 0.18503443896770477 0.17371582984924316 0.08221466094255447 0.196780264377594
