0.0 0.06512244045734406 0.7037292718887329 0.06610416620969772 0.15756356716156006
1.0 0.16269785165786743 0.8748247027397156 0.05850690230727196 0.15520364046096802
1.0 0.02069920115172863 0.6957021355628967 0.04139840230345726 0.235838383436203
0.0 0.30148279666900635 0.653406023979187 0.10322708636522293 0.2733898460865021
0.0 0.25614097714424133 0.25266996026039124 0.10536333918571472 0.2839500308036804
0.0 0.7995738983154297 0.45341503620147705 0.09459004551172256 0.24558481574058533
0.0 0.15755578875541687 0.6750168800354004 0.06610416620969772 0.15756356716156006
1.0 0.17409373819828033 0.8712848424911499 0.05850690230727196 0.15520364046096802
1.0 0.2076878845691681 0.6308043003082275 0.08527036011219025 0.235838383436203
1.0 0.8114827871322632 0.409065306186676 0.06477072834968567 0.1624782830476761
0.0 0.9919976592063904 0.38143739104270935 0.016004635021090508 0.24558481574058533
1.0 0.9819820523262024 0.351640522480011 0.036035895347595215 0.1624782830476761
