1.0 0.027259910479187965 0.3279852867126465 0.05451982095837593 0.18251970410346985
1.0 0.10923032462596893 0.219806969165802 0.059887971729040146 0.13400451838970184
0.0 0.5760523080825806 0.4551253616809845 0.10434500873088837 0.2322695255279541
0.0 0.47647520899772644 0.5879977941513062 0.10198560357093811 0.22175092995166779
0.0 0.3223581314086914 0.6974071860313416 0.052301470190286636 0.11478797346353531
0.0 0.2385939657688141 0.5075605511665344 0.1090712696313858 0.2602587044239044
0.0 0.8713967800140381 0.19893334805965424 0.051777951419353485 0.11322294920682907
0.0 0.7091087102890015 0.24818649888038635 0.06823322921991348 0.1312362104654312
1.0 0.1704394668340683 0.37948811054229736 0.07611547410488129 0.18251970410346985
1.0 0.28053298592567444 0.6120734214782715 0.08108465373516083 0.19391119480133057
1.0 0.7547158002853394 0.33739542961120605 0.0818660631775856 0.19278265535831451
1.0 0.8669063448905945 0.4097231924533844 0.09049948304891586 0.21512916684150696
0.0 0.8757518529891968 0.29435527324676514 0.06172383576631546 0.14295804500579834
1.0 0.1745862364768982 0.5644553899765015 0.0855378732085228 0.2106897532939911
1.0 0.16142605245113373 0.23726555705070496 0.059887971729040146 0.13400451838970184
