0.0 0.35345926880836487 0.2897528111934662 0.10100360959768295 0.26806721091270447
0.0 0.7133172154426575 0.7092030644416809 0.07489760965108871 0.16610877215862274
0.0 0.8799684047698975 0.5089923739433289 0.06312556564807892 0.13026048243045807
0.0 0.9818608164787292 0.3480537533760071 0.03627842292189598 0.09905032813549042
0.0 0.5354085564613342 0.5818052291870117 0.07443787157535553 0.16450080275535583
0.0 0.14619794487953186 0.59749835729599 0.08581757545471191 0.24157816171646118
0.0 0.23650377988815308 0.4102468192577362 0.05833231285214424 0.13479596376419067
1.0 0.4015992283821106 0.3252585530281067 0.0716642439365387 0.181425541639328
1.0 0.42658424377441406 0.5672150254249573 0.06742868572473526 0.17726154625415802
1.0 0.45451173186302185 0.7047817707061768 0.06834817677736282 0.18047742545604706
1.0 0.5719050765037537 0.7270400524139404 0.06844624131917953 0.17017006874084473
1.0 0.6375678181648254 0.8110396265983582 0.03920479491353035 0.07322105020284653
1.0 0.1523388922214508 0.3470476269721985 0.10494505614042282 0.30315306782722473
1.0 0.2657908499240875 0.4081842303276062 0.06071372702717781 0.15910042822360992
1.0 0.14005719125270844 0.1861245036125183 0.07634426653385162 0.2137695848941803
