1.0 0.010058081708848476 0.4872451722621918 0.020116163417696953 0.21458864212036133
0.0 0.5407847166061401 0.4687669277191162 0.0573568269610405 0.2708677053451538
0.0 0.46913665533065796 0.6436924934387207 0.05759534612298012 0.25789570808410645
0.0 0.33428725600242615 0.8078854084014893 0.02917446196079254 0.13331131637096405
0.0 0.19954025745391846 0.619533360004425 0.05428643152117729 0.30611568689346313
0.0 0.7882486581802368 0.10241439193487167 0.029023796319961548 0.1315658986568451
0.0 0.6293937563896179 0.20123299956321716 0.04353536665439606 0.15014246106147766
1.0 0.0957939550280571 0.4954013228416443 0.03755153715610504 0.21458864212036133
1.0 0.26905182003974915 0.7248838543891907 0.04005077853798866 0.2277970016002655
1.0 0.699803352355957 0.2881981134414673 0.04126894101500511 0.2261698991060257
1.0 0.8355055451393127 0.3377211391925812 0.045658357441425323 0.2534002661705017
0.0 0.8164674043655396 0.2068367600440979 0.03211342543363571 0.1673457771539688
1.0 0.14637276530265808 0.7002233862876892 0.04049044847488403 0.24862319231033325
