0.0 0.3216553330421448 0.34948062896728516 0.0307636559009552 0.2726786732673645
0.0 0.8064804077148438 0.6541162729263306 0.034133851528167725 0.16177546977996826
0.0 0.9198801517486572 0.4174423813819885 0.03268885612487793 0.1274404227733612
0.0 0.9860233068466187 0.23044517636299133 0.02795344591140747 0.09507928788661957
0.0 0.5909197330474854 0.5809017419815063 0.033050715923309326 0.16087579727172852
0.0 0.2039080113172531 0.7003597021102905 0.022192001342773438 0.2417696714401245
0.0 0.23912006616592407 0.497984379529953 0.024726808071136475 0.13336831331253052
1.0 0.38101643323898315 0.3709470331668854 0.024401843547821045 0.18322879076004028
1.0 0.4768522381782532 0.5963640213012695 0.020035773515701294 0.17723506689071655
1.0 0.5445591807365417 0.7193740606307983 0.020072579383850098 0.1790974736213684
1.0 0.6689280867576599 0.7089874744415283 0.024359464645385742 0.16773438453674316
1.0 0.7585021257400513 0.7708960771560669 0.02217167615890503 0.06881529092788696
1.0 0.1352449655532837 0.4596019387245178 0.025495804846286774 0.3090990483760834
1.0 0.26806849241256714 0.48797518014907837 0.0193692147731781 0.1601293981075287
1.0 0.0741405189037323 0.307944655418396 0.021301530301570892 0.2193671315908432
