0.0 0.5723839998245239 0.48940613865852356 0.049770891666412354 0.25977784395217896
0.0 0.507560133934021 0.664353609085083 0.05095580220222473 0.24818801879882812
0.0 0.36317262053489685 0.8351360559463501 0.02533048391342163 0.12880182266235352
0.0 0.1734474003314972 0.6656129360198975 0.041249871253967285 0.2949068546295166
0.0 0.8266562223434448 0.1158258467912674 0.026053130626678467 0.12503886222839355
0.0 0.6452941298484802 0.2249750792980194 0.04227018356323242 0.14217425882816315
1.0 0.030946725979447365 0.5556715726852417 0.027756299823522568 0.20589524507522583
1.0 0.2721865177154541 0.7607973217964172 0.030668944120407104 0.22024571895599365
1.0 0.743421196937561 0.30151352286338806 0.03383433818817139 0.2165507674217224
1.0 0.9171898365020752 0.3362891972064972 0.037918269634246826 0.2432386726140976
0.0 0.8756476640701294 0.2127329707145691 0.027330338954925537 0.15988148748874664
1.0 0.11855463683605194 0.7480611801147461 0.02884611487388611 0.240253746509552
