0.0 0.5678564310073853 0.4297754764556885 0.0296768918633461 0.252323716878891
0.0 0.5034880042076111 0.5584892630577087 0.021976737305521965 0.0665946900844574
1.0 0.6239731907844543 0.5709707736968994 0.024650946259498596 0.10859615355730057
1.0 0.7038278579711914 0.6696328520774841 0.022300083190202713 0.08058211207389832
1.0 0.8654290437698364 0.6538103222846985 0.020566703751683235 0.07927106320858002
1.0 0.4375027120113373 0.6172663569450378 0.022623524069786072 0.09456943720579147
1.0 0.4171270430088043 0.5471271872520447 0.021478040143847466 0.11868999153375626
1.0 0.12948822975158691 0.5684081315994263 0.024327503517270088 0.09460882842540741
1.0 0.5294591188430786 0.5388050079345703 0.022711653262376785 0.09838412702083588
1.0 0.7606332302093506 0.6931285858154297 0.01886272430419922 0.07923166453838348
