1.0 0.49605798721313477 0.5322831869125366 0.07956745475530624 0.20761097967624664
1.0 0.725318968296051 0.4803798794746399 0.07669289410114288 0.20267117023468018
1.0 0.8664937019348145 0.37879279255867004 0.05597072094678879 0.1354815810918808
1.0 0.8092958331108093 0.6572356224060059 0.06978550553321838 0.18027463555335999
1.0 0.8139352798461914 0.46286019682884216 0.04710965231060982 0.1111314594745636
1.0 0.3765118718147278 0.42035648226737976 0.06016390398144722 0.13812588155269623
1.0 0.19243468344211578 0.44115564227104187 0.036748625338077545 0.0775366947054863
1.0 0.6620363593101501 0.4156881868839264 0.06241760775446892 0.15638497471809387
0.0 0.8036715984344482 0.31559422612190247 0.09775690734386444 0.2665884792804718
0.0 0.7967157363891602 0.48125189542770386 0.05055641010403633 0.11354554444551468
0.0 0.11193298548460007 0.5698137879371643 0.045721203088760376 0.097867950797081
0.0 0.5045625567436218 0.2762160003185272 0.041346557438373566 0.08368351310491562
