1.0 0.6221022009849548 0.7506420612335205 0.06562795490026474 0.30203211307525635
0.0 0.6858777403831482 0.6119177341461182 0.05065933242440224 0.18764623999595642
1.0 0.8319448828697205 0.46754294633865356 0.03583769127726555 0.11790154874324799
1.0 0.8939436078071594 0.5885008573532104 0.03875260055065155 0.1352045089006424
0.0 0.24563172459602356 0.35347068309783936 0.04831366986036301 0.18466466665267944
0.0 0.33593034744262695 0.5073024034500122 0.03936213254928589 0.15341244637966156
0.0 0.3772096335887909 0.3354109823703766 0.037231989204883575 0.1407678872346878
1.0 0.9949156045913696 0.4379262626171112 0.010168847627937794 0.11790154874324799
1.0 0.984713077545166 0.5725206732749939 0.03057384490966797 0.1352045089006424
1.0 0.6828671097755432 0.9801636338233948 0.06562795490026474 0.039672695100307465
