1.0 0.4940268099308014 0.5319697260856628 0.06696441024541855 0.21005301177501678
1.0 0.7261083126068115 0.494650661945343 0.06434942781925201 0.20513011515140533
1.0 0.8734176158905029 0.40218332409858704 0.047912467271089554 0.13676583766937256
1.0 0.7987469434738159 0.6764574646949768 0.05887044221162796 0.1823420226573944
1.0 0.8156542181968689 0.4827631413936615 0.04054892063140869 0.11209326982498169
1.0 0.3817889094352722 0.41271573305130005 0.05207568407058716 0.1391981691122055
1.0 0.19676554203033447 0.4218466877937317 0.03233049809932709 0.0779111459851265
1.0 0.6670381426811218 0.42609110474586487 0.05302618071436882 0.15803468227386475
0.0 0.8147127032279968 0.33514297008514404 0.08139240741729736 0.2700616419315338
0.0 0.7973074316978455 0.500030517578125 0.043952662497758865 0.11434300243854523
0.0 0.10829826444387436 0.5451632738113403 0.04011733829975128 0.09839131683111191
0.0 0.5186881422996521 0.27695101499557495 0.03664734587073326 0.08395887911319733
