0 0.4963052899149826 0.50078125 0.026172656321270794 0.2015625
0 0.7195973441697087 0.52578125 0.023029475603111395 0.1984375
0 0.8792496001216371 0.478125 0.021066999803608155 0.1296875
0 0.7396047962596943 0.7125 0.02289312021691714 0.175
0 0.8062524616561513 0.53671875 0.0178056444174139 0.10625
0 0.4252393318730685 0.36171875 0.024201090162687854 0.13125
0 0.25202454567051913 0.3234375 0.016052246876741984 0.0734375
0 0.00563133470173887 0.5515625 0.01126266940347774 0.140625
0 0.6841189073032293 0.446875 0.021194264830722887 0.1515625
1 0.842980822896078 0.40078125 0.02808968032537571 0.2625
1 0.7843092839630541 0.5484375 0.0225113251355733 0.109375
1 0.13821605484390131 0.4140625 0.0224113311856974 0.0921875
1 0.5859182775201466 0.271875 0.019204517953980905 0.078125