0 0.50078125 0.5025552899149826 0.01875 0.20323408430895534
0 0.7265625 0.5184292330279778 0.015625 0.1985284035907963
0 0.88515625 0.46438156158139654 0.015625 0.13134090359079628
0 0.75390625 0.7049889017440844 0.015625 0.1750909035907963
0 0.81328125 0.526518468099059 0.0125 0.10632272287263689
0 0.4234375 0.3655052626894236 0.01875 0.13135908430895543
0 0.24765625 0.33449667808588057 0.0125 0.07507272287263697
0 0.00703125 0.5741778433841417 0.0125 0.14069772287263688
0 0.68671875 0.441317287184508 0.015625 0.15321590359079612
1 0.8453125 0.3888321157379268 0.01875 0.2641715843089553
1 0.7921875 0.5383599379466337 0.01875 0.10948408430895533
1 0.13671875 0.43045459358053345 0.01875 0.09385908430895533
1 0.58125 0.26927463642238225 0.0171875 0.07822499394987581