0 0.0703125 0.5449034338414173 0.0234375 0.2813863553861943
0 0.44921875 0.5872302717646098 0.028125 0.30953862646343316
0 0.49375 0.7658774465308408 0.03125 0.2611193071815922
0 0.81875 0.6077366518422803 0.0234375 0.15638635538619425
0 0.715625 0.40130536554153506 0.021875 0.18450226502711473
0 0.89140625 0.755751450145078 0.021875 0.18137726502711474
0 0.384375 0.4719825216664141 0.01875 0.19385908430895532
1 0.11953125 0.4914920875304093 0.0203125 0.12511817466803504
1 0.20703125 0.19645177742195066 0.01875 0.08135908430895541
1 0.31796875 0.3497126119272978 0.01875 0.15323408430895533
1 0.559375 0.47877690144949686 0.01875 0.17354658430895534
1 0.62421875 0.3916809015476927 0.0265625 0.08921703610435347
1 0.6515625 0.2938655702637994 0.028125 0.18453862646343316
0 0.75546875 0.47685481138500485 0.025 0.1313954457452738