1 0.565625 0.44860320998682157 0.040625 0.22523634933607006
1 0.50234375 0.5990163004440971 0.040625 0.21429884933607007
1 0.37109375 0.7435652102814092 0.0203125 0.11105567466803504
1 0.21328125 0.5918658340143679 0.034375 0.2564499878997516
1 0.8 0.1312167638487643 0.0203125 0.10949317466803503
1 0.6390625 0.22168670686356365 0.034375 0.12363748789975162
0 0.09375 0.492732921544777 0.021875 0.17981476502711474
0 0.29609375 0.6759413730455875 0.025 0.19077044574527396
0 0.72109375 0.29091395071524356 0.0265625 0.18921703610435348
0 0.86875 0.3261479896482674 0.028125 0.21266362646343318
1 0.83828125 0.21815822764621493 0.021875 0.14075226502711463
0 0.1625 0.6618828973442803 0.0234375 0.20951135538619425
0 0.03359375 0.3650391927202118 0.021875 0.12981476502711473