1 0.55 0.48054355639602536 0.0453125 0.24713862041330897
1 0.48046875 0.6449827854169824 0.0453125 0.234638620413309
1 0.3359375 0.8027356772021179 0.0234375 0.12201135538619426
1 0.16328125 0.63688744252382 0.0375 0.2814681686179107
1 0.80625 0.13203437528508274 0.021875 0.11887726502711464
1 0.6296875 0.23100716470908594 0.0390625 0.13616475897699046
0 0.03203125 0.5283113523611321 0.025 0.19702044574527394
0 0.25390625 0.7296021833504378 0.028125 0.2095386264634332
0 0.71875 0.3065253151766242 0.0296875 0.2064227168225127
0 0.88203125 0.3457565077004442 0.03125 0.2329943071815924
1 0.84765625 0.22680651980069264 0.0234375 0.15482385538619425
0 0.1078125 0.7131272347764936 0.0265625 0.22827953610435364