1 0.27890625 0.36171875 0.0375 0.278125
1 0.7484375 0.6578125 0.0359375 0.16875
1 0.84453125 0.41015625 0.0328125 0.13125
1 0.9015625 0.2171875 0.0359375 0.0953125
1 0.54140625 0.5890625 0.0359375 0.165625
1 0.178125 0.728125 0.028125 0.253125
1 0.20546875 0.51640625 0.0265625 0.1375
0 0.3359375 0.38125 0.0296875 0.1875
0 0.43359375 0.609375 0.025 0.1828125
0 0.503125 0.73515625 0.025 0.1875
0 0.6203125 0.71953125 0.028125 0.175
0 0.70859375 0.78125 0.0234375 0.071875
0 0.10625 0.48125 0.03125 0.3171875
0 0.2328125 0.50546875 0.021875 0.1640625
0 0.04609375 0.328125 0.025 0.2234375