0 0.9874470204880638 0.388018528600301 0.019168156517662283 0.07198408430895542
1 0.8591578731437834 0.2262593928652899 0.0209306444174139 0.10636817466803503
0 0.5475941801289841 0.3890149646812134 0.017632927594901204 0.07666249394987582
0 0.6953726290957117 0.27487013056864973 0.013790830989305647 0.2219477228726369
0 0.42472430669061306 0.3530098078689634 0.013172686571891745 0.11569772287263688
1 0.1672855531745716 0.68733130747618 0.022193162567786605 0.05481476502711473
1 0.199279920857406 0.546515409935508 0.017796554058334378 0.10478749394987581
1 0.12416733313060505 0.7961795875304093 0.014426114363184705 0.06258181323171641
0 0.07340880902830409 0.8003812742004968 0.020567030054229284 0.043868174668035206
0 0.06834860430603976 0.7363460452777357 0.02220225292686624 0.05637726502711473
0 0.06480999296791715 0.665270475995895 0.017532933645025485 0.05947499394987581