1 0.7790188377268009 0.24467811563973094 0.027335180521767553 0.13296703610435348
0 0.8882751421779188 0.39872474532461794 0.016261325135573303 0.10946590359079611
0 0.8483046480316514 0.286461094660688 0.014771548008210188 0.12195681323171659
0 0.3950523830045366 0.31097229879377714 0.013345403394404442 0.1453852228726369
1 0.5580291059753695 0.362366106269957 0.011410198672140126 0.08131363251355736
1 0.5481950428418487 0.4413268984244348 0.01457156010845857 0.08758181323171658
1 0.19163597063314175 0.4965245002945876 0.016879469552987247 0.21571590359079612
1 0.15882294975229463 0.6310858526557197 0.014717005853732479 0.1125818132317166
1 0.11898776923052712 0.7641256116327103 0.012972698672140126 0.0813227228726369
0 0.07834458851236789 0.7674869609687802 0.012672716822512742 0.02976022287263689
0 0.0747565010801545 0.7128221868664794 0.022184072208706995 0.053252265027114734
0 0.07290363047045387 0.6284608224050988 0.012990879390299349 0.08444772287263688