1 0.903125 0.41875 0.01171875 0.0796875
0 0.86875 0.3671875 0.0109375 0.10703125
0 0.8296875 0.25390625 0.00703125 0.1078125
1 0.75625 0.22421875 0.01796875 0.1515625
0 0.6140625 0.23671875 0.0078125 0.19375
1 0.540625 0.334375 0.01640625 0.11015625
1 0.53125 0.40078125 0.01640625 0.0859375
1 0.04921875 0.65546875 0.01328125 0.10625
1 0.0421875 0.71484375 0.01015625 0.078125
0 0.0640625 0.7171875 0.0078125 0.08125
0 0.0609375 0.65546875 0.009375 0.109375
1 0.1046875 0.7078125 0.0078125 0.0875
1 0.14453125 0.60390625 0.01015625 0.0796875
1 0.178125 0.4515625 0.01484375 0.21640625