1 0.2080826063681529 0.6237682563447118 0.05132719242562418 0.22841589149054772
1 0.32190018755385036 0.5309217053114395 0.03685562626704133 0.15802157825883115
1 0.3365990126894236 0.42146489207972293 0.03667381908544902 0.12677157825883115
0 0.3569887807416004 0.40806546741168787 0.03804542154477701 0.09396816861791084
1 0.48955181674775794 0.31589108206946026 0.04169766237139498 0.18461134933607007
0 0.5058353469001832 0.3368893832991242 0.048165830989305644 0.2221477107723885
0 0.61769447658507 0.4463911274453918 0.036519282981095455 0.10020907825883114
1 0.6365717416121848 0.42440704313643635 0.04140677088084708 0.13461134933607005
1 0.818262103146699 0.4819417663036608 0.04660333098930565 0.22213862041330898
1 0.85669386495236 0.32156734768575007 0.044431776930971265 0.11744203005422929
1 0.8885665545493137 0.2143542905041577 0.03333974082661797 0.09081589754067192