1 0.15149238153159866 0.6602340389330239 0.05613286709365921 0.24875566256778664
1 0.27355775819142353 0.5593851321207739 0.040062439498757915 0.17210225897699055
1 0.2892685957218328 0.4399493308911098 0.041434041958086 0.13929884933607006
0 0.3102805324901162 0.4260095507386847 0.04122496369925477 0.10336134933607007
1 0.45422999950902077 0.3268504089535494 0.04492265632127079 0.2018170300542293
0 0.4731072645361353 0.3488344932625047 0.05297150565734086 0.24248748184962743
0 0.5972492673648058 0.4706463816297946 0.0396988251355733 0.10960225897699054
1 0.6174254119786114 0.44732705629782965 0.046166993753483966 0.147138620413309
1 0.8170168667008758 0.5125485770804808 0.051409005657340856 0.24247839149054773
1 0.8566192013044187 0.3370036764165509 0.04918290944452863 0.12840680113146813
1 0.8903169695529872 0.22079741431630245 0.03807269262201594 0.09865566861791084