1 0.22289454011137427 0.6291506479334554 0.040544228529977744 0.25491475897699034
1 0.34140871165615133 0.5347143258229443 0.03842721662612103 0.15959316861791084
1 0.357706398228043 0.4189984222321481 0.04300563231716561 0.14087043969514976
0 0.3788910518188392 0.40325070238457333 0.042842005853732525 0.11274543969514958
1 0.5161552233636163 0.3087052959651067 0.03870901775758924 0.20803066861791084
0 0.537893867977422 0.3320155309379921 0.048256734580101934 0.2377727107723885
0 0.6519331211988758 0.46962863954564027 0.042951090162687854 0.1314954396951496
1 0.669284247662309 0.44140364559576445 0.03682835518980241 0.15333407825883114
0 0.6911001603282914 0.4514326305686497 0.04633971057599666 0.17682612041330897
1 0.8563660911446466 0.5121878025062102 0.0483021863754999 0.2455852107723885
1 0.8987722806434046 0.3400719079906004 0.038290861239926956 0.13615566861791084
1 0.9369086057789776 0.23047873937268956 0.035002234776493425 0.10801248789975162