1 0.17310830629782958 0.61484375 0.0389362767345796 0.246875
1 0.2827145895735127 0.5203125 0.03683744554888211 0.1546875
1 0.29378337889932 0.40859375 0.04141586123992678 0.1359375
0 0.31400043012898404 0.3921875 0.041261325135573214 0.109375
1 0.44234762304558756 0.29609375 0.038672656321270794 0.2015625
0 0.46435443325224207 0.31875 0.04665787314378349 0.23125
0 0.5815151830558503 0.4484375 0.04137040944452863 0.128125
1 0.596981101771957 0.42109375 0.03523858411256366 0.1484375
0 0.6181248487468949 0.4296875 0.04474993949875792 0.171875
1 0.7817242613146815 0.484375 0.04669423458010193 0.2375
1 0.8151175025340827 0.315625 0.036701090162687675 0.13125
1 0.8473027677575893 0.2078125 0.03342155405833438 0.1046875