1 0.13359375 0.61171875 0.01953125 0.13125
0 0.23671875 0.76328125 0.0234375 0.1703125
0 0.06875 0.74453125 0.01953125 0.1734375
1 0.33671875 0.84921875 0.015625 0.0921875
1 0.41484375 0.7890625 0.01953125 0.10703125
1 0.49921875 0.659375 0.015625 0.13515625
1 0.48203125 0.7390625 0.015625 0.09296875
1 0.55625 0.546875 0.0171875 0.15078125
1 0.5640625 0.459375 0.01484375 0.13671875
0 0.640625 0.23046875 0.015625 0.0640625
0 0.7 0.19765625 0.01875 0.1734375
1 0.759375 0.290625 0.0125 0.2
1 0.81875 0.22734375 0.01328125 0.09609375
0 0.878125 0.1859375 0.015625 0.1828125
0 0.93515625 0.3578125 0.015625 0.20234375