0 0.97734375 0.50625 0.00859375 0.1109375
1 0.934375 0.43515625 0.01015625 0.2234375
1 0.91796875 0.57109375 0.009375 0.0734375
1 0.87421875 0.5890625 0.01015625 0.10078125
1 0.8453125 0.7453125 0.0109375 0.16484375
0 0.82890625 0.78984375 0.0078125 0.15625
0 0.8 0.54296875 0.00703125 0.19375
0 0.7578125 0.46328125 0.00859375 0.14765625
1 0.63984375 0.240625 0.01171875 0.03984375
0 0.5453125 0.49609375 0.01328125 0.171875
0 0.52578125 0.334375 0.0140625 0.0828125
1 0.5015625 0.3375 0.01328125 0.1015625
0 0.453125 0.35 0.0203125 0.125
1 0.3078125 0.14375 0.015625 0.09765625
0 0.2515625 0.27734375 0.0109375 0.05
1 0.01875 0.521875 0.015625 0.1296875
1 0.11953125 0.38984375 0.015625 0.0859375