0 0.09296875 0.30078125 0.01484375 0.1625
0 0.14375 0.4375 0.009375 0.24453125
0 0.18203125 0.70390625 0.0109375 0.165625
1 0.2015625 0.65 0.0125 0.1921875
1 0.23359375 0.475 0.0109375 0.08671875
1 0.284375 0.4671875 0.0125 0.05234375
1 0.303125 0.33046875 0.0109375 0.23046875
0 0.35546875 0.346875 0.01015625 0.115625
0 0.4390625 0.56171875 0.0109375 0.1125
0 0.49609375 0.68515625 0.0109375 0.1109375
1 0.53515625 0.56015625 0.0125 0.08984375
0 0.60546875 0.66953125 0.01171875 0.1265625
1 0.71953125 0.63125 0.01171875 0.10390625
1 0.8171875 0.38828125 0.0109375 0.09921875
1 0.87265625 0.2203125 0.0078125 0.05625