0 0.09232996320827544 0.42682105435292195 0.01559877068445541 0.2641443132317166
0 0.12533440251064168 0.7282017471713296 0.016688572012315283 0.1829034035907963
1 0.15078385440423564 0.671020506246516 0.021503337039429925 0.20480567466803504
1 0.1926208546988232 0.4762392713718264 0.020876102262936326 0.09699317466803503
1 0.2791936380727022 0.31635521126336785 0.023374909248136965 0.25793976502711474
0 0.3379010175611974 0.3355455727978822 0.016388590162687854 0.13134090359079612
0 0.4331691075274936 0.5959376512531052 0.02447380093507636 0.17826135538619425
1 0.5361304810640604 0.5672126875538503 0.0209306444174139 0.10636817466803503
0 0.6157503242518105 0.6894098744203296 0.01800563231716552 0.1407249939498758
1 0.7483264749157403 0.6480121938985621 0.0178147347764936 0.10791249394987582
1 0.8147685654712117 0.5194963084581385 0.017778373340175336 0.10166249394987581
1 0.8585316801289841 0.3872059832243695 0.016279505853732345 0.1125909035907962
1 0.9254232225780493 0.20165430260440612 0.014462475799503239 0.06883181323171658
0 0.9673471021647405 0.15609636290925644 0.01964085518980241 0.1532340843089554