0 0.13125 0.46796875 0.01640625 0.2546875
0 0.178125 0.76015625 0.01640625 0.17890625
1 0.19765625 0.70234375 0.015625 0.20390625
1 0.2296875 0.51171875 0.0109375 0.09609375
1 0.28671875 0.496875 0.0109375 0.05234375
1 0.3046875 0.34765625 0.0109375 0.2515625
0 0.3625 0.36640625 0.0125 0.12578125
0 0.465625 0.62421875 0.02578125 0.17890625
0 0.64765625 0.71015625 0.01953125 0.13828125
0 0.778125 0.66640625 0.0109375 0.11015625
1 0.83984375 0.53671875 0.0109375 0.10234375
1 0.88125 0.3953125 0.0109375 0.11484375
1 0.94140625 0.203125 0.01015625 0.06796875