0 0.06875 0.5140625 0.01640625 0.1828125
1 0.20703125 0.19140625 0.0140625 0.0640625
0 0.26640625 0.35078125 0.0234375 0.21875
1 0.31640625 0.31640625 0.0140625 0.06796875
0 0.38203125 0.4578125 0.01328125 0.17265625
0 0.446875 0.57734375 0.01328125 0.2625
0 0.49921875 0.76484375 0.0203125 0.16640625
1 0.51875 0.66171875 0.0140625 0.18828125
1 0.56015625 0.47578125 0.01015625 0.1140625
1 0.6234375 0.38828125 0.015625 0.06171875
1 0.6484375 0.28828125 0.0125 0.171875
0 0.71640625 0.41640625 0.0203125 0.17734375
0 0.821875 0.62578125 0.02109375 0.171875