0 0.07734375 0.55625 0.02265625 0.275
0 0.446875 0.6 0.02734375 0.3015625
0 0.48984375 0.77421875 0.0296875 0.25390625
0 0.80703125 0.62109375 0.02265625 0.1515625
0 0.70625 0.4203125 0.0203125 0.17890625
0 0.87734375 0.765625 0.02109375 0.17734375
0 0.38359375 0.48671875 0.01953125 0.1875
1 0.12578125 0.50390625 0.01953125 0.12109375
1 0.2109375 0.2171875 0.01875 0.0796875
1 0.31953125 0.3671875 0.01875 0.1484375
1 0.55390625 0.49453125 0.01875 0.16953125
1 0.6171875 0.41015625 0.02578125 0.08671875
1 0.64375 0.31484375 0.02734375 0.17890625
0 0.7453125 0.49375 0.0234375 0.12734375