0 0.06090776726660983 0.53203125 0.01984993344863375 0.1890625
1 0.2074317466803503 0.203125 0.01289088544042354 0.0671875
0 0.3824964209556018 0.4828125 0.01820562021691714 0.175
0 0.44726796896381205 0.6046875 0.021885132120773854 0.2703125
0 0.4976321042078439 0.8015625 0.027571529857837618 0.1734375
1 0.5638691408031767 0.50390625 0.013199957649130489 0.1203125
1 0.6281947403356385 0.41484375 0.015961343285945874 0.0578125
1 0.6549430718159235 0.3125 0.015071529857837617 0.1734375
0 0.7244884782353901 0.44921875 0.02448289129415606 0.1796875
0 0.7607486859827166 0.5046875 0.01457156010845857 0.0875
0 0.8288497670702182 0.66171875 0.027626072012315463 0.1828125
0 0.8968463090283041 0.80078125 0.01648858411256384 0.1484375