0 0.008660625490979321 0.7390625 0.017321250981958643 0.18125
1 0.08087975693388698 0.60078125 0.0225931383672898 0.1234375
0 0.1682519710259252 0.75703125 0.021321529857837574 0.1734375
1 0.25914916091746665 0.84453125 0.023992011903856712 0.0953125
1 0.3383962993829523 0.7859375 0.01935905405833438 0.1046875
1 0.3521002510801545 0.71328125 0.01750566256778665 0.0546875
1 0.4074599167711991 0.73203125 0.019286331185697492 0.0921875
1 0.4313473895456402 0.6546875 0.019504499803608154 0.1296875
1 0.4960189436039745 0.55 0.024319264830722886 0.1515625
1 0.5106041392510525 0.46015625 0.02418290944452863 0.128125
1 0.5993722443426593 0.2421875 0.020676114363184794 0.0625
0 0.659701211165172 0.2125 0.01968630698520073 0.1609375
0 0.7004529553114395 0.325 0.021157903394404442 0.1453125
1 0.7720103136245 0.2453125 0.019286331185697492 0.0921875
1 0.8054591387600732 0.1359375 0.017551114363184794 0.0625
1 0.848600084701739 0.240625 0.017714740826617968 0.090625
0 0.87910922043675 0.36796875 0.022984023807713427 0.190625