0 0.0593421419815271 0.27421875 0.01824198165323567 0.18125
0 0.10925071750988377 0.42421875 0.02029536104353502 0.265625
0 0.13958207036199527 0.71640625 0.024519252730474506 0.1859375
1 0.16258375400702074 0.65703125 0.021466975603111484 0.1984375
1 0.20508539227611466 0.46875 0.016179511903856712 0.0953125
0 0.42935816354974526 0.59375 0.030687439498757917 0.171875
0 0.48259627215739337 0.70859375 0.014807909444528634 0.128125
1 0.5310433833973202 0.57265625 0.01777837334017516 0.1015625
0 0.6014326305686497 0.69375 0.016443132317165522 0.140625
1 0.728980913647941 0.65859375 0.017814734776493778 0.1078125
1 0.845347298793777 0.396875 0.014707915494652824 0.1109375
1 0.9143796208060924 0.2140625 0.014444295081344195 0.065625
1 0.2880302233636163 0.31171875 0.021766957452738822 0.25