0 0.9140625 0.5375 0.0125 0.134375
0 0.87578125 0.3984375 0.0140625 0.121875
1 0.86328125 0.46328125 0.0234375 0.253125
1 0.84609375 0.61796875 0.015625 0.0859375
1 0.7953125 0.63828125 0.0171875 0.1109375
1 0.76484375 0.8171875 0.0203125 0.1953125
0 0.74921875 0.86796875 0.0109375 0.171875
0 0.7296875 0.66640625 0.009375 0.08125
0 0.7109375 0.578125 0.0109375 0.1796875
0 0.6625 0.50234375 0.0125 0.140625
1 0.53203125 0.28515625 0.0140625 0.0421875
1 0.39296875 0.40546875 0.015625 0.1078125
0 0.34609375 0.4171875 0.015625 0.1421875
1 0.20390625 0.23359375 0.015625 0.1046875
1 0.0328125 0.49140625 0.0125 0.0828125