0 0.48682575078556695 0.51875 0.019931746680350314 0.203125
0 0.7132928020152309 0.53515625 0.016788565962190916 0.2
0 0.8729768742239379 0.48203125 0.01638859016268803 0.13125
0 0.739541163746137 0.7234375 0.01664312021691714 0.175
0 0.799961555040293 0.54375 0.013127234776493602 0.1078125
0 0.4095052475641131 0.38046875 0.019522680521767553 0.1328125
0 0.2331336451047851 0.34765625 0.012936337235821683 0.075
0 0.6738990247896719 0.4578125 0.01651585518980241 0.153125
1 0.8327973018188392 0.40546875 0.02029536104353511 0.265625
1 0.7787950821676561 0.55625 0.019386325135573302 0.109375
1 0.12086038320092837 0.44296875 0.019295421544777057 0.09375
1 0.5686625998270494 0.28359375 0.017642017953980904 0.078125