1 0.85390625 0.4549678812370111 0.0125 0.2141352228726369
1 0.83984375 0.5900423180052945 0.0109375 0.07037613251355737
1 0.79453125 0.6022786975919856 0.009375 0.10317954215447767
1 0.76953125 0.7576020018467118 0.0109375 0.16256363251355738
0 0.7515625 0.7989037127172962 0.0140625 0.15320681323171642
0 0.7203125 0.5651281555357037 0.0140625 0.1922693132317166
0 0.67578125 0.4828378303019347 0.0125 0.14069772287263688
0 0.4734375 0.5269731288011241 0.0125 0.1594477228726369
0 0.38671875 0.40615611387220535 0.021875 0.09543976502711474
1 0.0921875 0.4395988311856975 0.0109375 0.07037613251355737
1 0.00546875 0.5586255662567787 0.0109375 0.11412613251355737