1 0.5484375 0.46490946603694583 0.0453125 0.22838862041330898
1 0.48203125 0.6153043757760621 0.0453125 0.217451120413309
1 0.34609375 0.7582635145361353 0.0234375 0.11263635538619425
1 0.18984375 0.6026669786281735 0.0390625 0.26116475897699054
1 0.79140625 0.14835426687382638 0.021875 0.10950226502711465
1 0.6265625 0.23567648399092672 0.0375 0.12521816861791085
0 0.07109375 0.5011948613381226 0.0265625 0.18140453610435348
0 0.27109375 0.6898584273003137 0.028125 0.19235112646343316
0 0.7078125 0.30724293266306685 0.0296875 0.1907977168225128
0 0.85703125 0.3463923119551703 0.03125 0.2142443071815924
1 0.828125 0.23528664031219743 0.025 0.14233294574527386
0 0.1375 0.6726749515990063 0.028125 0.21110112646343318
0 0.0125 0.3703852228726369 0.021875 0.13137726502711464