0 0.09609375 0.51484375 0.0203125 0.1828125
1 0.21796875 0.534375 0.02109375 0.11328125
0 0.2953125 0.6625 0.01796875 0.14765625
1 0.371875 0.73046875 0.0171875 0.0796875
1 0.4375 0.68359375 0.01953125 0.10078125
1 0.49296875 0.6359375 0.0125 0.0828125
1 0.50859375 0.56953125 0.01796875 0.10546875
1 0.5609375 0.48359375 0.015625 0.1296875
1 0.5671875 0.409375 0.0203125 0.1171875
1 0.63359375 0.2296875 0.01875 0.05390625
1 0.65078125 0.196875 0.01640625 0.05234375
0 0.71953125 0.290625 0.01484375 0.12734375
1 0.7765625 0.221875 0.015625 0.0828125
1 0.8 0.13203125 0.0140625 0.0546875
0 0.8234375 0.18671875 0.015625 0.15234375
1 0.8390625 0.21875 0.0125 0.08515625
0 0.86796875 0.32109375 0.0109375 0.165625