1 0.04140625 0.49711589451560984 0.021875 0.14700226502711472
0 0.09765625 0.5005681474424761 0.0234375 0.14857385538619425
0 0.1515625 0.6907255148307229 0.009375 0.16567954215447783
1 0.2015625 0.6449226563212707 0.015625 0.08134090359079629
1 0.2140625 0.5598391291939077 0.021875 0.11731476502711473
0 0.28203125 0.718047059813871 0.009375 0.16880454215447785
1 0.3390625 0.8730663579202771 0.0171875 0.08447499394987582
1 0.3515625 0.805951580792914 0.0171875 0.09228749394987582
1 0.41875 0.7469674662333375 0.0171875 0.10478749394987581
1 0.4296875 0.6774998487468948 0.015625 0.05790340359079611
1 0.47421875 0.698852673980664 0.0171875 0.0875999939498758
1 0.49765625 0.6208640293668581 0.021875 0.12825226502711473
1 0.55234375 0.5157134419346449 0.021875 0.14387726502711473
1 0.5640625 0.43140661962774196 0.025 0.12045794574527377
1 0.64296875 0.22014693276126268 0.0171875 0.05947499394987581
1 0.6609375 0.18275147189067828 0.015625 0.0532159035907962
0 0.6921875 0.18840202907227066 0.00625 0.1562863614363185
0 0.72265625 0.30029804107432323 0.009375 0.14380454215447766
0 0.8625 0.345642878211949 0.009375 0.18755454215447767