0 0.0953125 0.52734375 0.021875 0.16953125
0 0.16171875 0.6578125 0.01171875 0.13828125
1 0.21484375 0.54453125 0.01484375 0.0953125
0 0.29375 0.66796875 0.01484375 0.1390625
1 0.3625 0.7921875 0.0140625 0.06640625
1 0.340625 0.8171875 0.01328125 0.0828125
1 0.37109375 0.73359375 0.0125 0.075
1 0.4328125 0.6828125 0.0109375 0.0875
1 0.48671875 0.6375 0.0109375 0.07734375
1 0.50234375 0.571875 0.0109375 0.10078125
1 0.55 0.4828125 0.0125 0.11875
1 0.55703125 0.409375 0.01484375 0.10390625
1 0.61953125 0.2296875 0.0125 0.046875
0 0.66484375 0.20078125 0.01328125 0.13046875
0 0.7046875 0.290625 0.01328125 0.1171875
1 0.75859375 0.2203125 0.01171875 0.078125
0 0.80546875 0.1859375 0.01171875 0.14140625
1 0.8203125 0.2140625 0.01015625 0.07265625
0 0.85078125 0.3171875 0.0125 0.15546875