1 0.9213033491396783 0.17566672149789483 0.012709078258831141 0.03601022287263693
0 0.9479431171918551 0.18910250760224834 0.013309041958085998 0.13913522287263697
1 0.9075726472460843 0.23261615826617826 0.012872704722264317 0.06413522287263689
1 0.8046395865484506 0.5335696042078439 0.013090873340175335 0.10163522287263689
1 0.8476441771039219 0.40569913426207316 0.01621587334017498 0.10165340359079611
1 0.7451742038385015 0.6519696253832785 0.014653373340175158 0.10164431323171641
0 0.6250753272768726 0.6879884177341481 0.014816999803608155 0.1297693132317166
1 0.5616026588553534 0.5204373033709633 0.01288179508134384 0.0656977228726369
1 0.553304345525441 0.5711685563960255 0.014617011903856714 0.09539431323171658
0 0.5126525953290493 0.7006151618804155 0.014735186571891745 0.11570681323171658
0 0.4166987041330891 0.4555339451560987 0.01280907220870695 0.05319772287263689
0 0.45409923106406047 0.5729350685944696 0.013172686571891745 0.11569772287263688
0 0.37154476453613533 0.3482436199223296 0.016324957649130577 0.1204034035907962
0 0.3327453640685971 0.25895840612487897 0.011582915494652823 0.11100113251355737
1 0.3191101109453392 0.3323140928931624 0.017015824939181457 0.2391534035907962
1 0.2980350625443455 0.4696868278660478 0.01279089149054773 0.050072722872636886
0 0.27149528844204457 0.47343854176169425 0.014717005853732524 0.1125818132317166
1 0.24418335469882324 0.4787482104778009 0.014598831185697492 0.09226931323171658
1 0.21007704117251907 0.6590124273985095 0.015171523807713338 0.1907068132317166
0 0.18850656820168626 0.7112289123713949 0.016615849139678306 0.17040340359079612
0 0.17169527634179613 0.5072317587805987 0.011537463699254768 0.10318863251355737
1 0.047934026832775464 0.18230396077238853 0.016170421544777058 0.09384090359079615
0 0.1532947342855143 0.4329084696511831 0.01705218637549999 0.2454034035907961
0 0.10094591822512737 0.2974522378015557 0.016634029857837573 0.1735284035907961