0 0.08908768755385035 0.5333488311856975 0.022874939498757962 0.17200226502711474
0 0.15783262149346342 0.6689096021647405 0.014898813035324832 0.1438318132317164
1 0.21087178396305414 0.5496828791939076 0.0178147347764936 0.10791249394987582
1 0.2057752178044714 0.6199681081166688 0.012927246876741983 0.0735102228726369
0 0.2929479648776051 0.6767271682251274 0.018051084112563665 0.1485374939498758
1 0.3722536697962612 0.742815776538188 0.016115879390299348 0.08446590359079628
1 0.5052575882177803 0.5763964118804156 0.014689734776493601 0.10789431323171658
1 0.5526689194034777 0.48448162265280403 0.014807909444528634 0.1282068132317164
1 0.559364346998379 0.4079554840891226 0.014671554058334379 0.1047693132317166
1 0.6205841690106942 0.22549296291368784 0.009693162567786651 0.054742042154477664
1 0.6364137020899857 0.19042761650448403 0.011237481849627428 0.05162613251355737
0 0.707734190186129 0.28615827302214647 0.014762457649130667 0.1203943132317166
0 0.8599279492613153 0.3128258330324092 0.018132897344280252 0.16259999394987582