1 0.98984375 0.4731475075230621 0.0203125 0.20480567466803504
1 0.9625 0.6014315888069555 0.0171875 0.06884999394987582
1 0.91484375 0.6165525947588838 0.015625 0.09071590359079611
1 0.87109375 0.7683696248131131 0.01875 0.09073408430895533
0 0.84921875 0.7942781398402277 0.0109375 0.12818863251355736
0 0.840625 0.5662031368151657 0.0109375 0.12662613251355737
0 0.80234375 0.47658210061261636 0.009375 0.09692954215447784
1 0.69453125 0.28892808538910997 0.0125 0.03913522287263689
0 0.571875 0.5310479285768599 0.015625 0.12040340359079629
1 0.54375 0.373399055040293 0.015625 0.0969659035907962
0 0.4953125 0.3838371061717612 0.0109375 0.12350113251355736
1 0.35859375 0.19557001259122772 0.01875 0.09542158430895542
0 0.290625 0.31315294321119114 0.0109375 0.03756363251355736
1 0.1484375 0.40538641588743635 0.01875 0.07823408430895533
1 0.0390625 0.5239914910230097 0.021875 0.11731476502711473