0 0.1046875 0.47421875 0.01953125 0.2625
0 0.04375 0.33515625 0.01953125 0.17578125
0 0.1546875 0.77265625 0.02265625 0.18125
1 0.1765625 0.715625 0.01875 0.19921875
1 0.203125 0.51953125 0.01484375 0.0921875
1 0.2625 0.5078125 0.01328125 0.0515625
1 0.27421875 0.35234375 0.01875 0.2515625
0 0.33515625 0.37421875 0.0171875 0.1265625
0 0.4390625 0.63125 0.025 0.1734375
0 0.50078125 0.74609375 0.01484375 0.1203125
0 0.61953125 0.71484375 0.01484375 0.140625
1 0.53671875 0.6 0.0140625 0.09921875
1 0.7453125 0.67265625 0.0203125 0.10859375
1 0.84375 0.40078125 0.02109375 0.1078125
1 0.896875 0.2421875 0.0234375 0.12421875