0 0.8863799450579029 0.4737656519404762 0.013045421544777013 0.09382272287263689
1 0.8500697403356385 0.40991223019930734 0.01663402985783762 0.1735284035907963
1 0.8320333335233885 0.5326775645082628 0.011319295081343838 0.06568863251355736
1 0.7938293515755652 0.5461815283057134 0.014553379390299348 0.08445681323171642
1 0.7664588513791735 0.6760326547691465 0.01488063231716552 0.14070681323171658
0 0.7502480440993853 0.7097218535394825 0.01479881908544911 0.1266443132317166
0 0.7416719539366975 0.5785173053348807 0.017732921544777014 0.09384999394987581
0 0.7272231136758137 0.5121928685665973 0.016597668421519173 0.1672784035907963
1 0.5653311259724538 0.3490666755517978 0.012972698672140126 0.0813227228726369
1 0.5534038185944696 0.44757689842443477 0.014589740826617969 0.09070681323171659
0 0.5051344902374426 0.4767649495559029 0.016434041958086 0.13915340359079612
1 0.4692510115110732 0.3519694826351943 0.011392017953980904 0.07818863251355737
0 0.4263731651018694 0.3678444675098838 0.022474963699254856 0.10325226502711456
1 0.14379246925839967 0.40933357250329455 0.011328385440423538 0.06725113251355737
1 0.05847311367581366 0.5160835422526736 0.013072692622015913 0.09851022287263689