0 0.27578125 0.7171455516224474 0.025 0.1704579457452738
1 0.1921875 0.559819385833207 0.0203125 0.11730567466803503
1 0.5125 0.6227996122218854 0.0171875 0.1266624939498758
1 0.43125 0.7459285608940255 0.0171875 0.10478749394987581
0 0.053125 0.49578467779129304 0.025 0.15327044574527376
0 0.1296875 0.6929955001963918 0.0234375 0.17044885538619425
1 0.32421875 0.8973325004909792 0.015625 0.09696590359079593
1 0.36015625 0.8041546722321481 0.015625 0.08759090359079628
1 0.5703125 0.5162132689359396 0.0203125 0.14543067466803503
1 0.58125 0.4302121364223822 0.0171875 0.12353749394987582
1 0.66015625 0.21412807328886152 0.0171875 0.05947499394987581
1 0.68125 0.17416160344128667 0.0171875 0.05634999394987581
0 0.71484375 0.18099741072107486 0.0171875 0.1594749939498758
1 0.75625 0.297162766205465 0.01875 0.14542158430895533
1 0.821875 0.21787472112412107 0.015625 0.0969659035907962
1 0.85390625 0.10596961876298891 0.0140625 0.06258181323171655
0 0.878125 0.17535996819725483 0.0171875 0.17822499394987576
1 0.89375 0.21433156460645866 0.015625 0.09384090359079619
0 0.92265625 0.34697589296348574 0.0203125 0.19699317466803504