0 0.06670324931262894 0.45390625 0.027136234383710177 0.3671875
0 0.11364344446872765 0.86796875 0.02020445745273882 0.25
1 0.14210426687382638 0.79140625 0.02508285499341083 0.2828125
1 0.19056799618937098 0.52734375 0.021066999803608287 0.1296875
1 0.26393277331673404 0.51484375 0.01762383723582168 0.075
1 0.2940055718159235 0.3125 0.02859874043383437 0.35
0 0.3637004482793567 0.340625 0.02290221057599684 0.1765625
0 0.4760020230221464 0.709375 0.03264991529826098 0.240625
0 0.6978593631848343 0.840625 0.027662433448633728 0.1890625
1 0.858524152412446 0.79375 0.02894313231716552 0.140625
1 0.9869339360809125 0.43984375 0.025799951599006478 0.1375