0 0.14375 0.43359375 0.01171875 0.23828125
0 0.1828125 0.70234375 0.0109375 0.1640625
1 0.2015625 0.65546875 0.01171875 0.1890625
1 0.2328125 0.475 0.009375 0.08359375
1 0.30390625 0.33125 0.01015625 0.23203125
0 0.35625 0.34765625 0.01015625 0.11484375
0 0.4421875 0.58671875 0.015625 0.15859375
1 0.48359375 0.6953125 0.009375 0.10625
1 0.53515625 0.5578125 0.0109375 0.0921875
0 0.6046875 0.67109375 0.01171875 0.12578125
1 0.815625 0.3890625 0.0078125 0.0984375
1 0.87421875 0.21953125 0.01015625 0.05703125
0 0.9109375 0.1765625 0.0109375 0.14140625