0 0.1261600625443455 0.46796875 0.0233567285299777 0.2546875
0 0.17937246271729612 0.7515625 0.018205620216917184 0.175
1 0.19704577604720855 0.70078125 0.019922656321270705 0.2015625
1 0.22249016188041554 0.50859375 0.01301815046753827 0.0890625
1 0.2918936259724538 0.35234375 0.0201862767345796 0.246875
0 0.3474578247427898 0.36875 0.01633404800821019 0.121875
0 0.4496935321955286 0.61875 0.024419258780598696 0.16875
1 0.49801337840834065 0.7328125 0.014717005853732345 0.1125
1 0.5471543394753169 0.58515625 0.016197692622015935 0.0984375
0 0.6251844115858279 0.703125 0.01796927088084708 0.134375
1 0.8382373608471433 0.3953125 0.01310905405833438 0.1046875
1 0.8918612888348282 0.2125 0.012854524004104917 0.0609375
0 0.9298698280624395 0.165625 0.018069264830722888 0.1515625