1 0.55625 0.4515625 0.03671875 0.22109375
1 0.496875 0.60078125 0.03671875 0.2109375
1 0.3703125 0.7453125 0.01875 0.10859375
1 0.21171875 0.6 0.02890625 0.25234375
1 0.78203125 0.1328125 0.01796875 0.10703125
1 0.625 0.22578125 0.03203125 0.12109375
0 0.0921875 0.50546875 0.01953125 0.17578125
0 0.29453125 0.68125 0.021875 0.1875
0 0.70625 0.2921875 0.02265625 0.18515625
0 0.853125 0.3234375 0.02421875 0.2078125
1 0.82109375 0.2171875 0.01875 0.13828125
0 0.16328125 0.6703125 0.0203125 0.2046875
0 0.03125 0.38046875 0.01953125 0.128125