1 0.98046875 0.41953125 0.015625 0.203125
1 0.9625 0.540625 0.0125 0.065625
1 0.91796875 0.559375 0.0171875 0.0953125
1 0.88671875 0.70390625 0.015625 0.1515625
0 0.86796875 0.7453125 0.009375 0.14375
0 0.84140625 0.53203125 0.0109375 0.19375
0 0.55859375 0.36328125 0.015625 0.090625
1 0.5328125 0.36171875 0.015625 0.096875
0 0.48046875 0.3734375 0.0265625 0.1234375
1 0.328125 0.20078125 0.0125 0.096875
0 0.26953125 0.3234375 0.0109375 0.0421875
1 0.1328125 0.43515625 0.0125 0.075
1 0.0296875 0.56015625 0.0140625 0.121875
0 0.57734375 0.496875 0.0125 0.15625