0 0.0953125 0.528125 0.021875 0.17265625
0 0.16015625 0.6578125 0.01328125 0.146875
1 0.215625 0.54453125 0.0140625 0.10625
0 0.29296875 0.66796875 0.01484375 0.13828125
1 0.3703125 0.734375 0.0140625 0.08125
1 0.4328125 0.68125 0.01484375 0.0859375
1 0.440625 0.62421875 0.01328125 0.046875
1 0.48515625 0.63671875 0.01328125 0.0765625
1 0.50234375 0.57109375 0.0125 0.103125
1 0.55 0.4828125 0.01484375 0.12421875
1 0.5578125 0.41015625 0.01484375 0.10625
1 0.61875 0.23046875 0.01328125 0.04765625
1 0.634375 0.19765625 0.01171875 0.046875
0 0.665625 0.2015625 0.0125 0.13046875
0 0.7046875 0.290625 0.0140625 0.1171875
1 0.759375 0.21875 0.0125 0.078125
0 0.8046875 0.18359375 0.0125 0.140625
0 0.85078125 0.31640625 0.0125 0.15546875