0 0.027000399878363023 0.478125 0.02302947560311145 0.1984375
1 0.1796743853422277 0.13203125 0.016034066158582806 0.0703125
0 0.24240216520006524 0.30546875 0.031069234580101933 0.2375
1 0.29687604176169424 0.26875 0.016052246876741984 0.0734375
0 0.3657447373105764 0.4234375 0.018278343089554117 0.1875
0 0.4352492371141847 0.553125 0.02040444535249044 0.284375
0 0.4887838241536146 0.7578125 0.02604539129415606 0.1796875
1 0.5115713634794219 0.64609375 0.019940837039429837 0.2046875
1 0.5580640475172309 0.44609375 0.013218138367289712 0.1234375
1 0.6278311259724537 0.35234375 0.019140885440423715 0.0671875
1 0.6561146863755 0.2453125 0.018269252730474507 0.1859375
0 0.7288032735131258 0.38515625 0.02611811416679295 0.1921875
0 0.83950546593875 0.61328125 0.027644252730474505 0.1859375