0 0.1 0.5259807170189045 0.0234375 0.18138635538619424
0 0.16953125 0.6622949460398615 0.0125 0.15476022287263688
1 0.22734375 0.5424273527539156 0.015625 0.11259090359079629
0 0.31015625 0.6724143137226959 0.015625 0.14696590359079628
1 0.39140625 0.7414728650505558 0.015625 0.08602840359079629
1 0.45703125 0.6856223199692119 0.015625 0.09071590359079629
1 0.465625 0.624634822994274 0.0125 0.050072722872636886
1 0.5125 0.6384246122218854 0.0125 0.0813227228726369
1 0.53046875 0.5687888230924697 0.0125 0.10944772287263689
1 0.58046875 0.47474793160192197 0.015625 0.13134090359079628
1 0.5890625 0.39891668462698415 0.015625 0.1125909035907962
1 0.65390625 0.20791443472517995 0.0140625 0.050081813231716586
1 0.6703125 0.173443985954844 0.0125 0.05007272287263698
0 0.703125 0.177940588414172 0.0125 0.13757272287263694
0 0.74375 0.27145423907810196 0.015625 0.1250909035907961
1 0.80234375 0.1953321006126163 0.0125 0.08288522287263697
0 0.85 0.15833609466068796 0.0125 0.14851022287263693
0 0.8984375 0.2978980435292198 0.0125 0.16413522287263688