0 0.8948191589535494 0.4471531549655383 0.013054511903856536 0.09538522287263689
1 0.8522680445903645 0.384898594660688 0.01665221057599666 0.17665340359079612
1 0.8428481136758137 0.5115201819947055 0.011319295081343838 0.06568863251355736
1 0.8046623124461496 0.5281491457921561 0.014562469749379048 0.08601931323171659
1 0.7866940833269969 0.6626332301011115 0.01489881303532492 0.1438318132317166
0 0.7720548664062882 0.6978758385123679 0.014816999803608155 0.1297693132317166
0 0.7548713907049809 0.5643775372827038 0.017742011903856537 0.0954124939498758
0 0.7349538004440971 0.4980849167711991 0.01662493949875792 0.1719659035907961
1 0.5574822645361353 0.3428621273471959 0.014544289031219649 0.08289431323171659
1 0.5526043878763105 0.4444564436039745 0.014598831185697492 0.09226931323171658
0 0.5051435805965222 0.4783274495559029 0.016452222676245222 0.1422784035907961
1 0.4606663518701529 0.35358197961013216 0.011401108313060604 0.07975113251355737
0 0.41702543617910826 0.37258650966436146 0.02404655405833438 0.10482385538619425
1 0.13221916500367353 0.43440175019639166 0.011337475799503149 0.06881363251355736
1 0.05241855639602544 0.549713653688992 0.013081782981095524 0.10007272287263688