0 0.91640625 0.51015625 0.00703125 0.1234375
0 0.884375 0.38046875 0.00859375 0.1125
1 0.87109375 0.43984375 0.01328125 0.2328125
1 0.85 0.5828125 0.0125 0.07890625
1 0.803125 0.6 0.0125 0.10234375
1 0.76953125 0.76484375 0.0125 0.1796875
0 0.75234375 0.81015625 0.0046875 0.1578125
0 0.74140625 0.6234375 0.00625 0.075
0 0.7265625 0.54140625 0.00390625 0.16640625
0 0.684375 0.46953125 0.00625 0.12890625
1 0.57109375 0.265625 0.01171875 0.03828125
1 0.43828125 0.37109375 0.01171875 0.09921875
0 0.3953125 0.38125 0.01015625 0.13125
1 0.26875 0.20625 0.01171875 0.096875
1 0.103125 0.4390625 0.009375 0.0765625