0 0.05588482299427392 0.4652841115345144 0.03174192115199361 0.3532977168225127
0 0.0887230314289714 0.863517078455223 0.0232658249391815 0.23918976502711473
1 0.11961902830571343 0.7899023164531703 0.028144222479853466 0.27202953610435365
1 0.1734263261175319 0.5380352894240031 0.02260222872636941 0.12512726502711474
1 0.24380245863108918 0.5266887232654204 0.01916815651766246 0.07198408430895534
1 0.2777421631569618 0.3327478257247484 0.03320442720211787 0.33611930718159233
0 0.3439893318730685 0.3597052354638647 0.025990849139678307 0.17045794574527387
0 0.44191218482337585 0.716154702482769 0.03572037314378349 0.23144998789975163
0 0.6520997301993073 0.8438337540070208 0.030741981653235585 0.1814227168225127
1 0.8062514198944571 0.8007508536376784 0.0289158612399266 0.13610112646343317
1 0.9402507326351943 0.46170146829545067 0.025772680521767555 0.13295794574527378