0 0.925 0.49296875 0.00625 0.09453125
0 0.9 0.384375 0.00703125 0.0921875
1 0.88671875 0.43125 0.015625 0.18359375
1 0.86328125 0.5453125 0.0125 0.0609375
1 0.82109375 0.559375 0.0109375 0.0796875
1 0.78671875 0.696875 0.01328125 0.08125
0 0.76796875 0.7203125 0.00546875 0.1140625
0 0.75390625 0.5171875 0.00625 0.1125
0 0.71640625 0.43828125 0.00625 0.08671875
1 0.61484375 0.27265625 0.01015625 0.03515625
0 0.51171875 0.4921875 0.009375 0.1078125
1 0.48203125 0.35234375 0.0109375 0.0859375
0 0.4390625 0.36328125 0.00625 0.109375
1 0.3109375 0.1984375 0.0140625 0.084375
0 0.2546875 0.3046875 0.00859375 0.0328125
1 0.1296875 0.39140625 0.01328125 0.06953125
1 0.0359375 0.50078125 0.015625 0.10390625