0 0.03984375 0.7689818041565303 0.01875 0.18448408430895533
1 0.04921875 0.778411346311008 0.0203125 0.16574317466803484
1 0.1140625 0.624882346212812 0.021875 0.13137726502711472
0 0.209375 0.7910618581166687 0.0203125 0.1813681746680352
1 0.30703125 0.8845987555591449 0.021875 0.09700226502711473
1 0.390625 0.8225850897699043 0.0171875 0.11572499394987582
1 0.4625 0.7644094962875668 0.0203125 0.0954306746680352
1 0.48671875 0.6833003968533009 0.0203125 0.13449317466803504
1 0.55234375 0.5696196919346448 0.01875 0.16573408430895534
1 0.5640625 0.472031619627742 0.01875 0.13135908430895532
1 0.653125 0.23895602009528022 0.01875 0.061046584308955334
1 0.675 0.19845828512239486 0.0171875 0.057912493949875764
0 0.7640625 0.32632018558993303 0.01875 0.1579215843089555
1 0.775 0.29982131810349044 0.0203125 0.20636817466803503
1 0.83828125 0.2353457276462149 0.0171875 0.10009999394987582
1 0.87265625 0.11913946554596651 0.0171875 0.0672874939498758
0 0.903125 0.19197297754801906 0.0171875 0.18603749394987582
1 0.92265625 0.23193035703651427 0.0171875 0.0985374939498758