0 0.04453125 0.765884075233769 0.0125 0.1750727228726369
1 0.103125 0.7099749636992547 0.015625 0.0875909035907961
1 0.115625 0.6272351865718917 0.015625 0.12509090359079628
0 0.2046875 0.7769720870394299 0.0140625 0.17195681323171658
1 0.29765625 0.8556379634046671 0.0203125 0.09230567466803521
1 0.37734375 0.7920390717177277 0.01875 0.11260908430895533
1 0.4453125 0.733840752337691 0.015625 0.09071590359079629
1 0.4671875 0.6542805173648057 0.01875 0.12979658430895533
1 0.52734375 0.5475992461893711 0.015625 0.1500909035907963
1 0.53984375 0.46017196906200797 0.015625 0.13134090359079612
1 0.61796875 0.2450014870159888 0.0125 0.056322722872636975
1 0.6375 0.20605261650448403 0.015625 0.0532159035907962
0 0.7203125 0.3151281555357038 0.015625 0.1407159035907962
1 0.78671875 0.23113949579658755 0.015625 0.09384090359079611
0 0.8421875 0.18849345354391395 0.015625 0.1657159035907962
0 0.89921875 0.34273150165032 0.015625 0.1875909035907962