0 0.08493703962039492 0.3057454850710812 0.01814198770335986 0.1641624939498758
0 0.13804788320092837 0.44215061768283437 0.0154987767345796 0.2469568132317166
0 0.18024343179831376 0.7090835876286051 0.015035168421519085 0.1672693132317166
1 0.19774000400702074 0.6558585936787293 0.01675220452587265 0.19384090359079628
1 0.22846380494209714 0.4775608768562165 0.01300906010845857 0.08757272287263689
1 0.2792905067374953 0.46945294018612904 0.01437157220870695 0.05320681323171659
1 0.2972870486955812 0.3302904462362532 0.016979463502863012 0.23290340359079612
0 0.3503165999252452 0.3463876240275462 0.013181776930971357 0.11726022287263697
0 0.4357899707313376 0.5599456090986275 0.013163596212812222 0.11413522287263689
0 0.495223537184508 0.6838143802740622 0.014717005853732524 0.1125818132317166
1 0.5326831514494969 0.5562570068356911 0.016152240826617793 0.09071590359079611
0 0.6054797811343838 0.6659860099589491 0.014807909444528634 0.1282068132317164
1 0.7197831756499937 0.623916163746137 0.014671554058334379 0.1047693132317166
1 0.8141836572050334 0.37728153738089976 0.013081782981095812 0.10007272287263688
1 0.869076211165172 0.20743666999265295 0.009711343285945872 0.05786704215447767