0 0.09375 0.515625 0.01796875 0.17109375
0 0.15625 0.64765625 0.009375 0.14140625
1 0.21328125 0.534375 0.01953125 0.0984375
0 0.28828125 0.6609375 0.0109375 0.13671875
1 0.3546875 0.7875 0.0140625 0.07109375
1 0.42734375 0.67890625 0.01484375 0.084375
1 0.3640625 0.72734375 0.015625 0.071875
1 0.4828125 0.634375 0.01484375 0.0765625
1 0.50078125 0.57265625 0.0125 0.103125
1 0.55078125 0.48359375 0.0171875 0.1265625
1 0.55859375 0.41171875 0.015625 0.103125
1 0.628125 0.23359375 0.015625 0.05
1 0.64453125 0.2015625 0.01484375 0.04609375
0 0.675 0.2078125 0.009375 0.12890625
0 0.7109375 0.296875 0.01015625 0.11796875
1 0.76875 0.2296875 0.01484375 0.07890625
0 0.81484375 0.19453125 0.009375 0.13984375
1 0.8296875 0.22421875 0.01328125 0.0796875
0 0.85625 0.33046875 0.009375 0.1625
1 0.9109375 0.34296875 0.01484375 0.0671875