0 0.1125 0.4368454941462675 0.0125 0.2594477228726369
0 0.146875 0.7350830062465159 0.0140625 0.1813318132317166
1 0.1703125 0.6794779008603216 0.01875 0.20323408430895534
1 0.21171875 0.4870495063447118 0.0140625 0.09539431323171658
1 0.27109375 0.4788915726996864 0.009375 0.05161704215447784
1 0.296875 0.3310853317748726 0.0171875 0.25166249394987583
0 0.353125 0.3479455788480064 0.0109375 0.12350113251355736
0 0.440625 0.5825927687395478 0.0125 0.12507272287263688
1 0.5484375 0.5811842839630541 0.0171875 0.09697499394987581
0 0.62265625 0.7010649919067723 0.0140625 0.1344568132317166
1 0.7515625 0.6635962872827038 0.0140625 0.10789431323171642
1 0.81796875 0.5374286970218201 0.015625 0.10321590359079628
1 0.86171875 0.40279916696759077 0.015625 0.10321590359079628
1 0.9265625 0.2242969170657867 0.0140625 0.06414431323171658