1 0.6716720295632499 0.36796875 0.014671554058334379 0.1046875
0 0.7097719932625047 0.47109375 0.013254499803608155 0.1296875
0 0.9122884600850174 0.50078125 0.013054511903856536 0.0953125
0 0.8850987253085238 0.39296875 0.009911331185697491 0.0921875
1 0.873661776439992 0.44140625 0.015171523807713427 0.190625
1 0.855579917832344 0.55625 0.009729524004104918 0.0609375
0 0.8360759389095828 0.5609375 0.011419289031219648 0.0828125
1 0.8158225262436002 0.57109375 0.00986587939029917 0.084375
1 0.7869213423039871 0.70625 0.014907903394404443 0.1453125
0 0.7707287157423582 0.74296875 0.013236319085449111 0.1265625
0 0.7468952642415477 0.540625 0.015026078062439474 0.165625
0 0.5177572100850175 0.50078125 0.013299951599006299 0.1375
0 0.5037441861791082 0.375 0.014544289031219649 0.0828125
1 0.481069755460949 0.371875 0.011437469749379047 0.0859375
0 0.44050838797450637 0.3828125 0.013127234776493779 0.1078125
1 0.31299594545068626 0.21953125 0.011419289031219738 0.0828125
1 0.14466462284919582 0.42578125 0.011328385440423538 0.0671875
0 0.007469670759210148 0.6125 0.008121572208707004 0.053125
0 0.004816848550503146 0.559375 0.0035067950813439442 0.065625
1 0.05545265280522926 0.534375 0.01466246369925477 0.103125