0 0.00546875 0.57421875 0.0109375 0.2078125
1 0.15703125 0.21328125 0.0171875 0.065625
0 0.22578125 0.3890625 0.025 0.23125
1 0.2828125 0.353125 0.021875 0.0796875
0 0.35 0.4 0.01875 0.071875
0 0.359375 0.50859375 0.0171875 0.1875
0 0.43515625 0.63984375 0.0203125 0.2953125
0 0.496875 0.85390625 0.028125 0.1875
1 0.5171875 0.73125 0.0265625 0.20625
1 0.56484375 0.52734375 0.0203125 0.1265625
1 0.63828125 0.42890625 0.0171875 0.0671875
1 0.665625 0.32265625 0.025 0.190625
0 0.7453125 0.4671875 0.025 0.1984375
0 0.86953125 0.6953125 0.0265625 0.19375
0 0.9515625 0.84296875 0.01875 0.159375