0 0.1875 0.7390625 0.0171875 0.1828125
1 0.09765625 0.57109375 0.025 0.12578125
1 0.2796875 0.83046875 0.02421875 0.09375
1 0.46953125 0.6375 0.02421875 0.13515625
1 0.53828125 0.528125 0.025 0.1578125
1 0.55390625 0.4359375 0.02265625 0.134375
1 0.653125 0.2109375 0.021875 0.06171875
1 0.6765625 0.1703125 0.01875 0.05546875
0 0.75625 0.3046875 0.0125 0.14609375
0 0.82421875 0.23125 0.015625 0.06640625
1 0.83515625 0.21328125 0.01953125 0.10078125
0 0.88203125 0.125 0.01328125 0.10703125
0 0.9421875 0.346875 0.01171875 0.2046875
0 0.96171875 0.46875 0.025 0.10625