0 0.07890625 0.5231153131335207 0.0265625 0.18921703610435348
0 0.1453125 0.6641266533944045 0.01875 0.16104658430895533
1 0.1953125 0.6198862948849522 0.01875 0.08604658430895533
1 0.20234375 0.5441459515008105 0.0171875 0.10947499394987581
0 0.2796875 0.6805334242752515 0.01875 0.15010908430895534
1 0.35703125 0.7583271470496926 0.0171875 0.08603749394987581
1 0.425 0.700128827669656 0.0140625 0.0969568132317166
1 0.43359375 0.6415850746445939 0.0171875 0.05009999394987581
1 0.48359375 0.6582822161351417 0.0171875 0.0797874939498758
1 0.50078125 0.5880697100850174 0.015625 0.11571590359079628
1 0.5515625 0.49227139675510506 0.015625 0.13134090359079628
1 0.5609375 0.4157634389095827 0.0171875 0.1141624939498758
1 0.63046875 0.22319920988862574 0.0140625 0.05164431323171659
1 0.646875 0.18891965865896174 0.015625 0.050090903590796196
0 0.68046875 0.1930213513791735 0.0171875 0.1407249939498758
0 0.72109375 0.2932577007152436 0.0171875 0.13134999394987582
1 0.77890625 0.2185940440011894 0.0140625 0.08445681323171658
0 0.87734375 0.3261979866232053 0.01875 0.17042158430895551
0 0.83046875 0.17905027585081684 0.0171875 0.1516624939498758