0 0.0984375 0.55703125 0.02109375 0.1796875
0 0.16875 0.69140625 0.0125 0.14609375
0 0.21953125 0.64453125 0.01015625 0.08046875
1 0.2265625 0.5734375 0.015625 0.103125
0 0.31015625 0.7 0.01328125 0.15
1 0.3859375 0.83203125 0.015625 0.071875
1 0.46171875 0.7140625 0.01328125 0.096875
1 0.4671875 0.65 0.01171875 0.0484375
1 0.51796875 0.66328125 0.01328125 0.0796875
1 0.534375 0.59375 0.0125 0.11015625
1 0.58359375 0.496875 0.01171875 0.1296875
1 0.590625 0.4203125 0.01328125 0.11171875
1 0.65703125 0.22578125 0.01171875 0.05234375
1 0.6734375 0.190625 0.01171875 0.04921875
1 0.68125 0.15234375 0.01171875 0.0421875
0 0.70625 0.1953125 0.01171875 0.1359375
0 0.74765625 0.28828125 0.01328125 0.12421875
1 0.80546875 0.21171875 0.01328125 0.0828125
1 0.828125 0.11796875 0.01328125 0.05234375
0 0.85390625 0.1734375 0.01171875 0.1484375
1 0.8703125 0.2046875 0.01328125 0.07890625
0 0.903125 0.31328125 0.01484375 0.16796875