0 0.77265625 0.396875 0.02578125 0.259375
1 0.246875 0.5890625 0.01640625 0.22109375
1 0.6515625 0.5328125 0.01484375 0.13671875
1 0.38828125 0.75078125 0.01484375 0.12109375
1 0.1328125 0.66328125 0.01640625 0.15
1 0.1203125 0.534375 0.009375 0.18359375
1 0.1890625 0.53359375 0.01328125 0.1421875
1 0.225 0.34296875 0.02265625 0.28203125
0 0.70625 0.6421875 0.01640625 0.11328125
1 0.58515625 0.5640625 0.0109375 0.1046875
0 0.51328125 0.646875 0.02109375 0.08359375
0 0.34375 0.74453125 0.01640625 0.1046875
1 0.29140625 0.74296875 0.01484375 0.11328125
0 0.17265625 0.54765625 0.0109375 0.0953125