0 0.55625 0.4515625 0.0359375 0.221875
0 0.496875 0.60078125 0.0375 0.2109375
0 0.3703125 0.7453125 0.01875 0.109375
0 0.21171875 0.6 0.0296875 0.2515625
0 0.78203125 0.1328125 0.01875 0.1078125
0 0.625 0.22578125 0.0328125 0.121875
1 0.0921875 0.50546875 0.0203125 0.1765625
1 0.29453125 0.68125 0.021875 0.1875
1 0.70625 0.2921875 0.0234375 0.1859375
1 0.853125 0.3234375 0.025 0.2078125
0 0.82109375 0.2171875 0.01875 0.1375
1 0.16328125 0.6703125 0.0203125 0.2046875
1 0.03125 0.38046875 0.0203125 0.128125