1 0.21640625 0.6078125 0.03125 0.23203125
1 0.321875 0.51953125 0.03125 0.1453125
1 0.33359375 0.41484375 0.0359375 0.12734375
0 0.353125 0.40078125 0.03671875 0.1015625
1 0.4765625 0.31328125 0.03125 0.1890625
0 0.4953125 0.33359375 0.03828125 0.21640625
0 0.60234375 0.4578125 0.03671875 0.11953125
1 0.61875 0.43203125 0.0296875 0.1390625
0 0.6375 0.440625 0.03828125 0.1609375
1 0.78984375 0.49453125 0.03828125 0.221875
1 0.82421875 0.3375 0.03125 0.1234375
1 0.85703125 0.23671875 0.0296875 0.0984375