0 0.97421875 0.40566783888614166 0.0171875 0.06884999394987582
1 0.853125 0.2432445860574713 0.0171875 0.1032249939498758
0 0.54375 0.393788444959707 0.015625 0.0750909035907962
0 0.69140625 0.2860537338927308 0.009375 0.21724204215447768
0 0.425 0.35481632766965604 0.009375 0.11255454215447766
1 0.165625 0.6736198280624395 0.01875 0.053234084308955334
1 0.20078125 0.5378868611417309 0.0140625 0.10320681323171658
1 0.12109375 0.7796107528286704 0.0125 0.06257272287263689
0 0.07109375 0.7824448613381227 0.01875 0.04229658430895533
0 0.06796875 0.7199266806199633 0.021875 0.053252265027114734
0 0.065625 0.650381795081344 0.015625 0.057903403590796286