0 0.09453125 0.75390625 0.01484375 0.1
0 0.09140625 0.68515625 0.01484375 0.1046875
0 0.08671875 0.6296875 0.009375 0.10078125
1 0.7765625 0.24140625 0.015625 0.19453125
0 0.85078125 0.2953125 0.00703125 0.115625
0 0.8890625 0.40078125 0.01171875 0.1109375
0 0.63828125 0.27890625 0.00625 0.19375
1 0.5671875 0.36015625 0.01171875 0.08984375
1 0.55703125 0.4375 0.0140625 0.08671875
0 0.40703125 0.31328125 0.0078125 0.13984375
1 0.2078125 0.4875 0.01640625 0.21328125
1 0.13671875 0.7390625 0.01328125 0.08828125