1 0.7703125 0.3859375 0.025 0.25078125
0 0.2609375 0.571875 0.01640625 0.2140625
0 0.653125 0.51796875 0.0140625 0.13203125
0 0.39765625 0.72890625 0.01328125 0.1171875
0 0.15078125 0.64375 0.01484375 0.14453125
0 0.13828125 0.51953125 0.009375 0.178125
0 0.2046875 0.51875 0.01171875 0.1375
0 0.23984375 0.33359375 0.021875 0.27265625
1 0.70625 0.6234375 0.01484375 0.10859375
0 0.5890625 0.54765625 0.0109375 0.10078125
1 0.51875 0.628125 0.01953125 0.08125
1 0.3546875 0.72265625 0.01484375 0.1015625
0 0.30390625 0.72109375 0.0140625 0.10859375
1 0.1890625 0.53203125 0.0109375 0.0921875