1 0.13277419778837735 0.6640937953759315 0.06265557786604772 0.2956670240041051
1 0.25620208654845056 0.527433611829102 0.04791130093507636 0.1783977107723885
1 0.2726805385402404 0.40545861787922616 0.0509908491396784 0.17060339149054773
1 0.42731297550491554 0.2608041271508042 0.04506810206654457 0.2268170300542293
0 0.446953309813871 0.27944049766230894 0.05459763817089804 0.25343407220870706
0 0.5791350716195318 0.43883315749962104 0.05433401775758924 0.20812157220870695
1 0.594378276538188 0.3731172539088249 0.041634029857837616 0.17367384933607005
0 0.6131691831540461 0.3800394195998695 0.06360902380771342 0.1909886143631847
1 0.7969992824901162 0.4195963024080144 0.059412403198012595 0.27533634328594586
1 0.8029215086824028 0.2289303957921561 0.03210449375348432 0.1470568071815924
1 0.8280209817514315 0.11159290486734241 0.03817268657189175 0.11584316861791084