0 0.08984375 0.43515625 0.009375 0.2625
0 0.12578125 0.73359375 0.01171875 0.18125
1 0.15078125 0.67734375 0.01640625 0.20234375
1 0.18984375 0.4828125 0.01796875 0.096875
1 0.2734375 0.3234375 0.01796875 0.25546875
0 0.33203125 0.34140625 0.0140625 0.1296875
0 0.4296875 0.59921875 0.02109375 0.1765625
1 0.53203125 0.56875 0.01875 0.10625
0 0.6125 0.68984375 0.01484375 0.1390625
1 0.74375 0.64765625 0.015625 0.10625
1 0.8078125 0.51875 0.01484375 0.10078125
1 0.85078125 0.38671875 0.0140625 0.11171875
1 0.91484375 0.2015625 0.01328125 0.0671875
0 0.95546875 0.15625 0.015625 0.15234375