1 0.084375 0.6315403706097007 0.015625 0.08446590359079612
1 0.096875 0.5494363977370637 0.0171875 0.1219749939498758
0 0.18984375 0.7012392713718265 0.0125 0.17194772287263688
1 0.2828125 0.7842921450065893 0.0171875 0.09697499394987581
1 0.3609375 0.7205563770526083 0.01875 0.10635908430895533
1 0.371875 0.647836494539051 0.015625 0.05634090359079611
1 0.428125 0.6662592416121847 0.0140625 0.08758181323171658
1 0.45 0.5880069765850701 0.0171875 0.1250999939498758
1 0.509375 0.47672404294004467 0.01875 0.15010908430895534
1 0.52109375 0.3907183652469475 0.0140625 0.13133181323171658
1 0.6 0.1691655521134268 0.01875 0.05948408430895542
1 0.62109375 0.12763658226585195 0.01875 0.05635908430895542
0 0.659375 0.1328826184684013 0.0109375 0.15631363251355732
0 0.70390625 0.2466860432346322 0.0171875 0.1500999939498758
1 0.71484375 0.22162241072107486 0.015625 0.1938409035907962
1 0.7734375 0.15800027225558924 0.0171875 0.0907249939498758
1 0.8046875 0.050787215073996875 0.015625 0.057903403590796175
0 0.83203125 0.11625313379010356 0.0125 0.17351022287263698
1 0.8515625 0.15363950430160833 0.015625 0.0907159035907962
0 0.88671875 0.2807787212223169 0.0125 0.1969477228726369
1 0.95390625 0.2975753357818934 0.0171875 0.0797874939498758