1 0.23243174668035033 0.2044703731437834 0.013027240826617792 0.09069772287263689
0 0.8769322221852658 0.4714923059050461 0.013099963699254858 0.10319772287263689
1 0.8343901981811609 0.41030936620989644 0.01364538524403187 0.1969477228726369
1 0.82027822208707 0.53600425779864 0.01290906615858276 0.07038522287263689
1 0.7789719660369459 0.5529508632830302 0.011501102262936413 0.09693863251355736
0 0.7417406525106417 0.7331968994855795 0.01800563231716552 0.1407249939498758
0 0.7061248184962738 0.5197156615858279 0.01665221057599684 0.1766534035907963
0 0.6619339360809124 0.44367988153159865 0.013190867290050968 0.11882272287263689
0 0.4606532372123805 0.49094472521032795 0.021176084112563665 0.14855567466803504
1 0.4169299874087723 0.36100724033563847 0.011492011903856713 0.09537613251355728
0 0.37557373438371017 0.3693600958200286 0.017887457649130578 0.12041249394987581
1 0.06578109874689489 0.43005565954272457 0.011373837235821638 0.07506363251355737