0 0.0359375 0.55390625 0.02265625 0.18828125
1 0.159375 0.6515625 0.01328125 0.075
1 0.1703125 0.578125 0.015625 0.109375
0 0.253125 0.715625 0.01171875 0.15390625
1 0.3375 0.790625 0.015625 0.08671875
1 0.40703125 0.73359375 0.015625 0.09609375
1 0.4171875 0.66796875 0.0140625 0.05078125
1 0.46796875 0.684375 0.0125 0.0796875
1 0.48828125 0.61484375 0.01484375 0.1125
1 0.54140625 0.51484375 0.015625 0.13515625
1 0.55234375 0.43671875 0.0125 0.11875
1 0.62265625 0.23828125 0.015625 0.05390625
1 0.64140625 0.20078125 0.015625 0.0515625
0 0.6765625 0.20546875 0.01015625 0.13984375
0 0.71640625 0.30859375 0.01484375 0.1359375
1 0.7265625 0.2859375 0.0140625 0.1734375
1 0.77890625 0.22890625 0.01484375 0.0828125
1 0.80703125 0.1328125 0.01328125 0.05234375
0 0.83125 0.19140625 0.0125 0.15625
1 0.84921875 0.22578125 0.0140625 0.0828125
0 0.88046875 0.340625 0.0125 0.1765625
1 0.94140625 0.35546875 0.015625 0.071875