0 0.0921875 0.5341300811856975 0.025 0.17514544574527377
0 0.1609375 0.6657800569852006 0.015625 0.14852840359079628
1 0.2140625 0.5496828791939077 0.015625 0.10790340359079628
0 0.2953125 0.6735930778660477 0.0171875 0.1407249939498758
1 0.37421875 0.7404583909995684 0.015625 0.08290340359079629
1 0.43671875 0.685353255362753 0.015625 0.08759090359079628
1 0.44375 0.6275816619786114 0.0140625 0.04851931323171641
1 0.4890625 0.6395640323919204 0.0140625 0.07820681323171659
1 0.50546875 0.5732532311622563 0.0140625 0.1047693132317166
1 0.55234375 0.48290094193464483 0.0171875 0.1266624939498758
1 0.55859375 0.4102810533709634 0.0171875 0.10791249394987582
1 0.6171875 0.227028191836449 0.0140625 0.048519313231716585
1 0.63203125 0.19352080024770538 0.0125 0.048510222872636934
0 0.6640625 0.19761340260883753 0.0140625 0.13289431323171655
0 0.7046875 0.28691225194490755 0.0171875 0.1188499939498758
1 0.759375 0.21379291451269422 0.0140625 0.07976931323171658
0 0.8046875 0.1773377849260031 0.015625 0.1422784035907962
0 0.85390625 0.3112178812370111 0.015625 0.1579034035907962