0 0.090625 0.50234375 0.015625 0.12890625
1 0.2140625 0.5453125 0.0171875 0.10234375
0 0.29296875 0.66640625 0.0125 0.1390625
1 0.3703125 0.73359375 0.0140625 0.0765625
1 0.4328125 0.68203125 0.0140625 0.09296875
1 0.48671875 0.6375 0.01171875 0.075
1 0.503125 0.57265625 0.01328125 0.10390625
1 0.55078125 0.48515625 0.015625 0.13125
1 0.55703125 0.4109375 0.0125 0.1078125
1 0.61875 0.23125 0.0125 0.05234375
1 0.634375 0.1984375 0.01328125 0.053125
0 0.703125 0.28984375 0.01484375 0.11875
1 0.75859375 0.21796875 0.015625 0.07578125
1 0.8203125 0.21328125 0.0125 0.07734375
0 0.85234375 0.31875 0.0109375 0.15546875