0 0.0765625 0.52734375 0.0140625 0.1796875
1 0.21171875 0.2109375 0.01171875 0.0640625
0 0.3828125 0.475 0.01328125 0.165625
0 0.44453125 0.58984375 0.0140625 0.25703125
0 0.4953125 0.7765625 0.021875 0.1640625
1 0.5546875 0.49140625 0.009375 0.11328125
1 0.615625 0.40546875 0.01328125 0.0546875
1 0.63984375 0.30859375 0.0109375 0.1640625
0 0.7078125 0.43671875 0.01875 0.17109375
0 0.74296875 0.4890625 0.0125 0.0828125
0 0.809375 0.63828125 0.02109375 0.1734375
0 0.87578125 0.76875 0.0125 0.14140625