0 0.2828125 0.7140625 0.01796875 0.1578125
1 0.2 0.57109375 0.01484375 0.1078125
1 0.4984375 0.6203125 0.01171875 0.1171875
1 0.4265625 0.73671875 0.0125 0.09609375
0 0.06953125 0.515625 0.01796875 0.14140625
0 0.146875 0.6953125 0.01640625 0.15625
1 0.3328125 0.8796875 0.01171875 0.0890625
1 0.3640625 0.7921875 0.0125 0.08125
1 0.5484375 0.5203125 0.01328125 0.134375
1 0.55546875 0.440625 0.0125 0.1140625
1 0.621875 0.23828125 0.0140625 0.05390625
1 0.6390625 0.2015625 0.01328125 0.05234375
0 0.67109375 0.20703125 0.0109375 0.146875
1 0.71328125 0.3125 0.0125 0.134375
1 0.77109375 0.2375 0.01171875 0.0890625
1 0.796875 0.134375 0.01171875 0.0578125
0 0.821875 0.196875 0.0109375 0.1640625
1 0.8375 0.2328125 0.0109375 0.08671875
0 0.86875 0.35390625 0.0125 0.18203125