0 0.06796875 0.51484375 0.0171875 0.19140625
1 0.11796875 0.478125 0.01484375 0.08671875
1 0.20625 0.190625 0.015625 0.06328125
0 0.38203125 0.45703125 0.01640625 0.17265625
0 0.446875 0.5765625 0.01640625 0.265625
0 0.4984375 0.7671875 0.02265625 0.1703125
1 0.51875 0.6625 0.015625 0.19296875
1 0.56015625 0.47265625 0.0140625 0.11484375
1 0.6234375 0.384375 0.01328125 0.0625
1 0.64921875 0.28515625 0.01328125 0.165625
0 0.69765625 0.32109375 0.0109375 0.0640625
0 0.715625 0.41953125 0.021875 0.1875
0 0.82109375 0.6234375 0.021875 0.171875
0 0.8890625 0.7578125 0.0140625 0.14609375