0 0.011449542645457028 0.31492101805217676 0.01615224082661783 0.09071590359079611
0 0.08469562422393792 0.48254031010845855 0.022947662371394895 0.18450226502711473
1 0.21505528991498252 0.5020493550916066 0.014698825135573301 0.10945681323171659
0 0.3017553383159761 0.6400584152000652 0.016515855189802586 0.1532159035907963
1 0.38648888661877395 0.7132100897699044 0.01613406010845857 0.0875909035907961
1 0.4555661395456402 0.6573600655694076 0.009965873340175157 0.10161704215447784
1 0.5168081665748073 0.6053708395735127 0.009847698672140127 0.08130454215447784
1 0.5344001875538503 0.5359395835233884 0.016279505853732522 0.11259090359079629
1 0.5873166301758662 0.43780661055255565 0.01488063231716552 0.14070681323171658
0 0.7596466690106943 0.22630200487177382 0.013236319085449111 0.12663522287263698
0 0.922741566649562 0.2592831973955939 0.016661300935076184 0.1782159035907962