0 0.096875 0.51484375 0.02109375 0.18125
0 0.16171875 0.64921875 0.0140625 0.1421875
1 0.21875 0.5359375 0.01640625 0.103125
0 0.2953125 0.66328125 0.015625 0.14453125
1 0.371875 0.7328125 0.015625 0.078125
1 0.4921875 0.63828125 0.015625 0.078125
1 0.509375 0.571875 0.01484375 0.10546875
1 0.559375 0.48125 0.015625 0.12890625
1 0.56640625 0.41015625 0.015625 0.1078125
1 0.6328125 0.22734375 0.01328125 0.0515625
1 0.65 0.19375 0.01328125 0.046875
1 0.728125 0.271875 0.0109375 0.16015625
0 0.8671875 0.31953125 0.0125 0.159375