0 0.07421875 0.525 0.0125 0.14765625
1 0.2046875 0.56171875 0.0234375 0.1234375
0 0.28359375 0.70078125 0.01171875 0.1609375
1 0.3546875 0.8453125 0.01953125 0.08984375
1 0.3640625 0.77890625 0.01953125 0.0984375
1 0.43359375 0.7171875 0.01640625 0.1015625
1 0.44375 0.6484375 0.0171875 0.05234375
1 0.49296875 0.6640625 0.01640625 0.08515625
1 0.5140625 0.5890625 0.0171875 0.11953125
1 0.56953125 0.49140625 0.01484375 0.15
1 0.5796875 0.40390625 0.01640625 0.11796875
1 0.65078125 0.20390625 0.01484375 0.05546875
1 0.66953125 0.16796875 0.01328125 0.05
0 0.740625 0.271875 0.0140625 0.1359375
1 0.74921875 0.25 0.015625 0.178125
1 0.8015625 0.1921875 0.01328125 0.090625
1 0.8265625 0.09296875 0.015625 0.0546875
0 0.85078125 0.1515625 0.0109375 0.15390625
1 0.86640625 0.18359375 0.01328125 0.08515625
0 0.896875 0.296875 0.009375 0.17578125