1 0.1390625 0.6109375 0.0203125 0.1375
0 0.24609375 0.76953125 0.025 0.178125
0 0.0703125 0.75 0.0203125 0.18125
1 0.35234375 0.859375 0.015625 0.096875
1 0.43359375 0.796875 0.0203125 0.1125
1 0.521875 0.6609375 0.015625 0.140625
1 0.50390625 0.74453125 0.015625 0.096875
1 0.58203125 0.54296875 0.01875 0.159375
1 0.590625 0.45078125 0.015625 0.14375
0 0.6703125 0.21015625 0.015625 0.0671875
0 0.73203125 0.1765625 0.0203125 0.18125
1 0.7953125 0.27421875 0.0125 0.209375
1 0.8578125 0.20703125 0.0125 0.1
0 0.91953125 0.1640625 0.015625 0.1921875
0 0.9796875 0.34453125 0.015625 0.2125