0 0.02570762811375312 0.92734375 0.019595403394404444 0.1453125
0 0.07408149560019579 0.91640625 0.022847668421519085 0.1671875
1 0.08352467329329293 0.928125 0.02271131303532483 0.14375
1 0.13240253482780726 0.86953125 0.02092155405833438 0.1046875
1 0.1396059807694729 0.76484375 0.022765855189802543 0.153125
0 0.19657814343545535 0.7546875 0.015988614363184706 0.0625
0 0.23895706185697446 0.921875 0.02434653590796181 0.15625
1 0.4188036431408678 0.94921875 0.02090337334017516 0.1015625
1 0.4277650318027451 0.878125 0.019168156517662283 0.071875
1 0.4872445709321608 0.89609375 0.024101096212812045 0.1140625
1 0.503832107232906 0.79296875 0.025963578062439475 0.165625
1 0.5196111224564124 0.68515625 0.019249969749379047 0.0859375
1 0.5608264749157403 0.65234375 0.02611811416679295 0.1921875
1 0.5640464028052292 0.534375 0.022847668421519175 0.1671875
1 0.5681248487468948 0.4296875 0.019413596212812044 0.1140625
1 0.6318959363754999 0.2453125 0.019213608313060605 0.0796875
1 0.6511362948849522 0.1953125 0.017605656517662282 0.071875
1 0.657840291958086 0.1390625 0.017551114363184794 0.0625
0 0.6909936804235717 0.19765625 0.026181746680350317 0.203125
0 0.7472896530998169 0.33984375 0.024528343089554205 0.1875
1 0.7564692103796051 0.30625 0.0279987767345796 0.246875
0 0.8037618460164204 0.24375 0.019213608313060605 0.0796875
1 0.8130095809893056 0.221875 0.02100336729005079 0.11875
1 0.8203721082148647 0.14453125 0.019177246876741806 0.0734375
1 0.8395306534926004 0.08046875 0.016088608313060603 0.0796875
0 0.8506090540583344 0.1046875 0.021066999803608155 0.1296875
0 0.8712578973442803 0.1625 0.02317492134838517 0.2234375
1 0.8957311773985095 0.20625 0.020985186571891745 0.115625
0 0.9144766322189696 0.20546875 0.017569295081344194 0.065625
0 0.9435606651018695 0.3703125 0.026454457452739177 0.25
0 0.975674249214433 0.51875 0.03353972872636959 0.125