0 0.5265145865484506 0.5319515202916719 0.0278351502711466 0.21890453610435365
0 0.7695378787029282 0.5427400711285525 0.02468287919390768 0.21419885538619426
0 0.9379242643397436 0.4812218299091512 0.02269313231716552 0.14075226502711474
0 0.8074247398446591 0.7437349445669235 0.02609993344863355 0.18920794574527394
0 0.8633242401392469 0.5495354926733296 0.019422686571891744 0.11573408430895533
0 0.4373879331540461 0.38612541500367353 0.02582722267624522 0.14233294574527386
0 0.24659930669061306 0.3568913911959602 0.017651108313060427 0.0797874939498758
0 0.7237526800307881 0.46122645071524354 0.022829487703359776 0.16418976502711474
1 0.8921436108471432 0.4004894594958423 0.03134194535249044 0.2845477168225127
1 0.8415265081914235 0.5626894776462149 0.02412836729005079 0.11888635538619426
1 0.13159699628756685 0.4632499546240685 0.024019282981095548 0.10013635538619425
1 0.6023766080184729 0.277713993066113 0.02080337939029935 0.08449317466803503