1 0.26640625 0.19376259377692517 0.0109375 0.08756363251355737
0 0.88125 0.4417480374790956 0.0125 0.09851022287263689
1 0.84140625 0.3841673416356259 0.0125 0.18757272287263688
1 0.82734375 0.5037804048673424 0.0125 0.06726022287263689
1 0.78671875 0.5204230042034125 0.0109375 0.09381363251355737
0 0.75078125 0.6940695824622437 0.015625 0.1344659035907961
0 0.71796875 0.4895729800029157 0.0140625 0.16883181323171642
0 0.6765625 0.4171576245185255 0.0125 0.11413522287263689
0 0.48359375 0.4651552838648583 0.01875 0.14229658430895534
1 0.44140625 0.341181973560008 0.0109375 0.09068863251355737
0 0.40234375 0.35000298253699846 0.0171875 0.1141624939498758
1 0.10625 0.411100605582586 0.0109375 0.07193863251355737
1 0.021875 0.5240914849728854 0.0125 0.10007272287263688