0 0.0265625 0.5703125 0.02109375 0.19609375
0 0.09765625 0.72109375 0.0109375 0.16328125
1 0.153125 0.66796875 0.015625 0.0828125
1 0.1640625 0.590625 0.015625 0.11640625
0 0.2484375 0.73046875 0.01328125 0.16171875
1 0.33515625 0.80390625 0.01953125 0.0859375
1 0.41015625 0.74375 0.0171875 0.10625
1 0.4734375 0.68828125 0.0140625 0.084375
1 0.49453125 0.6140625 0.01640625 0.12109375
1 0.55078125 0.5140625 0.015625 0.14140625
1 0.5625 0.43125 0.0140625 0.12265625
1 0.63515625 0.2296875 0.0125 0.053125
1 0.65390625 0.1921875 0.0140625 0.05078125
0 0.73125 0.29453125 0.0140625 0.1328125
1 0.79375 0.215625 0.01484375 0.0875
0 0.84609375 0.175 0.0140625 0.15625
0 0.89921875 0.31953125 0.015625 0.1765625