0 0.0046875 0.35234375 0.009375 0.0984375
0 0.0640625 0.5109375 0.015625 0.1625
0 0.1359375 0.6921875 0.015625 0.178125
1 0.18984375 0.634375 0.0171875 0.084375
1 0.2 0.553125 0.01875 0.125
0 0.28125 0.69921875 0.0140625 0.171875
1 0.3640625 0.778125 0.021875 0.096875
1 0.43671875 0.7171875 0.015625 0.1125
1 0.49921875 0.6640625 0.015625 0.1
1 0.51953125 0.58671875 0.01875 0.1296875
1 0.5765625 0.47734375 0.01875 0.15625
1 0.5890625 0.390625 0.021875 0.125
1 0.6671875 0.17734375 0.0171875 0.059375
1 0.6859375 0.1359375 0.0171875 0.05625
0 0.721875 0.140625 0.009375 0.159375
0 0.76328125 0.24609375 0.009375 0.140625
1 0.828125 0.1609375 0.015625 0.0921875
0 0.884375 0.1171875 0.0125 0.175
0 0.93125 0.27890625 0.0140625 0.1890625
1 0.9 0.15390625 0.0171875 0.09375