0 0.03591269057891246 0.5416335089769904 0.022993114166792984 0.19231476502711473
1 0.1949165484991895 0.20348459006449202 0.017542024004105095 0.06103749394987581
1 0.30817455172064334 0.3424294362773041 0.019195427594901292 0.07667158430895542
0 0.3713461965308408 0.49592714099956847 0.019795391294156063 0.17979658430895534
0 0.43465874190677234 0.6252060957218328 0.025055583916172 0.27826135538619423
0 0.48033835968780264 0.8309475564942213 0.029188572012315284 0.18297612646343317
1 0.5587007507855668 0.5220179840891226 0.01788745764913067 0.12041249394987581
1 0.6303081060735654 0.4341503454272452 0.014407933645025395 0.05945681323171659
1 0.6621626149523598 0.33042590260883753 0.021376072012315284 0.18293067466803503
0 0.7277507326351943 0.4714372428697213 0.027644252730474505 0.1860920361043535
0 0.8311337661072692 0.6962650469280557 0.030769252730474504 0.1861102168225127
0 0.8974758627128647 0.8419684323684793 0.018041993753483965 0.14697499394987582