0 0.027945654474558955 0.5681505571815924 0.029288565962191072 0.20016362646343316
0 0.10287241072107489 0.7154664395969539 0.02130334913967835 0.17043067466803485
1 0.15393546185254303 0.6673243762670414 0.02083974082661779 0.09074317466803503
1 0.15909111534514336 0.5868828973442802 0.0178601865718917 0.11572499394987582
0 0.24499173302797778 0.728012412273199 0.02123971662612103 0.15949317466803486
1 0.32968891989445703 0.8074140868430382 0.019277240826617793 0.09073408430895533
1 0.3980349197962612 0.7429657674630016 0.016215873340175158 0.10165340359079611
1 0.4062110341594459 0.6805112192583996 0.01749657220870695 0.05322499394987581
1 0.45846388056864973 0.6964407462875668 0.019240879390299347 0.08448408430895533
1 0.4760877178044714 0.6215407402374427 0.01790563836728971 0.12353749394987582
1 0.5259064315037262 0.5187020865484506 0.017996541958085997 0.13916249394987582
1 0.5341916301758662 0.43749753834384875 0.01945904800821019 0.12198408430895533
1 0.6010165575743758 0.23162933342519265 0.01594316256778665 0.05477840359079611
1 0.6168597261922866 0.1942202370159888 0.01593407220870695 0.0532159035907962
0 0.6535602954741273 0.19755886045435983 0.019613584112563844 0.14854658430895543
0 0.6990495365953329 0.30173327604720857 0.019559041958086 0.13917158430895543
1 0.758897235267473 0.22082870969223403 0.01614315046753827 0.0891534035907962
0 0.86606886495236 0.3316121944687277 0.021366981653235938 0.18136817466803504
0 0.8114955153217022 0.17738323672140122 0.01812380698520073 0.16103749394987582