0 0.05234375 0.44453125 0.021875 0.284375
0 0.10703125 0.76875 0.025 0.196875
1 0.13046875 0.70703125 0.0203125 0.215625
1 0.159375 0.49375 0.015625 0.1
1 0.2234375 0.48203125 0.015625 0.05625
1 0.2359375 0.31328125 0.0203125 0.271875
0 0.303125 0.33671875 0.01875 0.1375
0 0.41484375 0.61484375 0.028125 0.1875
0 0.48203125 0.73984375 0.015625 0.13125
0 0.6109375 0.70625 0.015625 0.153125
1 0.52109375 0.58125 0.015625 0.1078125
1 0.74765625 0.66015625 0.021875 0.11875
1 0.85390625 0.365625 0.021875 0.115625
1 0.91171875 0.19296875 0.025 0.134375