0 0.0921875 0.30234375 0.009375 0.165625
0 0.14375 0.43828125 0.009375 0.24296875
0 0.18203125 0.7046875 0.015625 0.16953125
1 0.20078125 0.65 0.0125 0.18125
1 0.23359375 0.47578125 0.0109375 0.08671875
0 0.44296875 0.58359375 0.02109375 0.15703125
0 0.49609375 0.68671875 0.00859375 0.11640625
1 0.53515625 0.56015625 0.01171875 0.0921875
0 0.6046875 0.66875 0.01015625 0.12734375
1 0.7203125 0.6328125 0.0125 0.0984375
1 0.81640625 0.390625 0.009375 0.1015625
1 0.87265625 0.2203125 0.0109375 0.06015625
1 0.303125 0.33046875 0.01015625 0.228125