0 0.87265625 0.7050792844540335 0.0140625 0.057894313231716586
0 0.70625 0.7177661576960128 0.0140625 0.07664431323171642
0 0.6296875 0.674461585290914 0.0171875 0.10478749394987581
0 0.62265625 0.5893462419067724 0.015625 0.12196590359079629
0 0.5875 0.44736327498606376 0.015625 0.09384090359079629
0 0.5828125 0.37707804606330264 0.015625 0.1422784035907961
1 0.56796875 0.429508154474559 0.009375 0.22505454215447768
1 0.49921875 0.5783456302740622 0.0140625 0.07664431323171658
0 0.45625 0.7184393651487516 0.0125 0.0656977228726369
0 0.4328125 0.6217007205349458 0.015625 0.1032159035907961
0 0.41640625 0.5460149193052819 0.0109375 0.13600113251355736
0 0.128125 0.5586295905554713 0.0125 0.09069772287263689