1 0.1202644438003663 0.6804101835468297 0.01610678903121974 0.08290340359079629
1 0.1308843021134268 0.600781770880847 0.01944995764913058 0.12042158430895533
0 0.2229894680008631 0.7497601472460843 0.016606758780598696 0.1688409035907963
1 0.3162713145082628 0.8307743187908615 0.019304511903856715 0.09542158430895534
1 0.3924252692305271 0.7671527012062229 0.01936814441741408 0.10635908430895533
1 0.4014326305686497 0.6961089481811608 0.01751475292686635 0.05634999394987581
1 0.4575826366187739 0.7136237011080271 0.01613406010845857 0.0875909035907961
1 0.479126359393215 0.6364026709556019 0.019468138367289712 0.12354658430895533
1 0.5360172297083281 0.5265736738824681 0.02117608411256384 0.14855567466803504
1 0.5466643590986274 0.44225776121648563 0.016379499803608154 0.1297784035907963
1 0.6213745093697739 0.22393500809322764 0.019095433645025396 0.05948408430895542
1 0.641142108705844 0.18342363758172286 0.01907725292686635 0.05635908430895542
0 0.6793960876286051 0.18833385137917352 0.014953355189802587 0.1532068132317166
0 0.7232773769544124 0.3003116766129426 0.019613584112563663 0.14854658430895534
1 0.7351415726996864 0.2753798543060398 0.019859023807713427 0.19073408430895541
1 0.7917642774219507 0.21164460723290598 0.019277240826617793 0.09073408430895542
1 0.8205028766598248 0.10633948369633912 0.015961343285945874 0.057903403590796196
0 0.8490364219375606 0.17057015533931202 0.01661584913967822 0.17040340359079614
1 0.8675682533196497 0.20817923964826743 0.017714740826617968 0.0907249939498758
0 0.90434556977282 0.3326161582661783 0.01830561416679295 0.19228749394987582
1 0.9706654613615637 0.34784624852706203 0.019204517953981082 0.07823408430895533