0 0.0703125 0.5308409338414173 0.015625 0.14852840359079628
1 0.20234375 0.5652290484991894 0.025 0.12514544574527378
0 0.284375 0.7030330546475095 0.0140625 0.16258181323171658
1 0.35859375 0.8463512625912276 0.021875 0.09075226502711473
1 0.36640625 0.7791183107958297 0.021875 0.10012726502711473
1 0.4359375 0.7154325398167867 0.01875 0.10323408430895534
1 0.44375 0.6458558380213886 0.01875 0.053234084308955334
1 0.49453125 0.660404151351301 0.0171875 0.08603749394987581
1 0.5140625 0.5852905218628057 0.01875 0.12042158430895533
1 0.56796875 0.484976904474559 0.0171875 0.1516624939498758
1 0.57734375 0.39664111232008126 0.01875 0.11885908430895542
1 0.64453125 0.19390647687965767 0.015625 0.0563409035907962
1 0.6625 0.1570831877502421 0.0140625 0.050081813231716586
0 0.73671875 0.2605576456939602 0.0171875 0.13759999394987582
1 0.74453125 0.23785594389856218 0.01875 0.17979658430895543
1 0.79609375 0.17818096204893477 0.015625 0.09227840359079616
1 0.8203125 0.07882131148320069 0.0171875 0.05478749394987579
0 0.8453125 0.1364883657379268 0.0140625 0.15476931323171655
1 0.86171875 0.1692054169675908 0.0140625 0.08601931323171659
0 0.89453125 0.28229576942691886 0.0125 0.17819772287263697