0 0.09140625 0.42865678600615764 0.0140625 0.2625818132317166
0 0.121875 0.7280527980082102 0.015625 0.1813409035907963
1 0.14765625 0.6719527889330239 0.0203125 0.20324317466803504
1 0.18984375 0.4784482286281736 0.0203125 0.09699317466803503
1 0.2765625 0.32114024355709236 0.021875 0.25637726502711466
0 0.33515625 0.34023113202257804 0.015625 0.12977840359079612
0 0.428125 0.6001470083878153 0.0234375 0.17669885538619426
1 0.53046875 0.5726174269075301 0.0203125 0.10636817466803503
0 0.609375 0.694951490041051 0.0171875 0.13916249394987582
1 0.74140625 0.6558758753832785 0.0171875 0.1063499939498758
1 0.8078125 0.5289184656441623 0.0171875 0.10166249394987581
1 0.85234375 0.3979275408779315 0.015625 0.11259090359079611
1 0.9203125 0.21394797149789485 0.0140625 0.06726931323171659
0 0.96171875 0.16965761601350468 0.01875 0.1532340843089554