0 0.15078125 0.378125 0.01328125 0.15390625
0 0.175 0.690625 0.00625 0.1625
1 0.1953125 0.64375 0.0171875 0.1859375
1 0.2328125 0.4671875 0.0140625 0.08671875
1 0.31015625 0.32421875 0.01875 0.234375
0 0.3609375 0.34140625 0.00703125 0.11484375
0 0.4359375 0.559375 0.0078125 0.1140625
0 0.4890625 0.684375 0.0078125 0.1109375
0 0.59921875 0.6734375 0.00859375 0.1265625
1 0.71640625 0.6390625 0.0140625 0.0953125
1 0.8203125 0.40078125 0.01171875 0.103125
1 0.8828125 0.234375 0.0125 0.05703125
0 0.92265625 0.19296875 0.0078125 0.1421875