0 0.0265625 0.4890625 0.0234375 0.184375
0 0.0984375 0.63046875 0.0125 0.15
1 0.15703125 0.5078125 0.015625 0.103125
0 0.2421875 0.64140625 0.015625 0.15
1 0.3171875 0.7765625 0.015625 0.071875
1 0.29296875 0.80390625 0.015625 0.090625
1 0.32578125 0.7125 0.0140625 0.08125
1 0.39375 0.6578125 0.0125 0.0953125
1 0.45234375 0.60859375 0.0125 0.084375
1 0.46875 0.5375 0.0125 0.109375
1 0.5203125 0.440625 0.0140625 0.128125
1 0.528125 0.3609375 0.015625 0.1125
1 0.59609375 0.16640625 0.0125 0.05
0 0.6453125 0.134375 0.015625 0.140625
0 0.6875 0.23203125 0.015625 0.128125
1 0.746875 0.15546875 0.0125 0.084375
0 0.796875 0.11796875 0.0125 0.153125
1 0.81328125 0.14921875 0.0109375 0.078125
0 0.846875 0.2609375 0.0125 0.16875