0 0.04456969495970697 0.5435091054843901 0.016861288834828014 0.2125909035907963
1 0.09820323418731844 0.49632048809614326 0.01466246369925477 0.1032068132317164
1 0.19402323165323568 0.1801273406536672 0.01601588544042354 0.0672784035907962
0 0.2614385115110732 0.3531785003927835 0.026381734580101936 0.23764544574527385
0 0.464455468963812 0.6020058440715127 0.020458987506968285 0.29385908430895535
1 0.5359951674395604 0.81253427791293 0.016688572012315283 0.1829034035907963
1 0.5431349808676688 0.696863826117532 0.01997719847574846 0.2110465843089555
1 0.5880288034691592 0.49034566052468315 0.013227228726369411 0.12507272287263688
1 0.658558951206223 0.39305704918656054 0.015988614363184793 0.06259090359079611
1 0.6852618308911099 0.2827417179026672 0.016724933448633905 0.1891534035907961
0 0.7603123487468949 0.4252786758463854 0.02612720452587265 0.19389544574527395
0 0.8020458516737611 0.48128778133077554 0.014535198672140126 0.08133181323171641
0 0.8780730622497579 0.6574139440949539 0.02614538524403187 0.19702044574527394