0 0.16822924512822618 0.7609375 0.026127204525872604 0.19375
1 0.06846611534514335 0.5859375 0.03203177088084712 0.134375
1 0.2684741639425287 0.853125 0.028706782981095545 0.1
1 0.46187977205919745 0.64375 0.03208631303532492 0.14375
1 0.5313206393492484 0.525 0.0337942587805987 0.16875
1 0.5459512867917246 0.42734375 0.03051472267624522 0.1421875
1 0.6434494972695255 0.1859375 0.025381795081344017 0.065625
1 0.6663602773237548 0.1421875 0.022220433645025395 0.059375
0 0.7546182805452086 0.28046875 0.018087445548882107 0.1546875
0 0.8246131388582691 0.20078125 0.01915906615858276 0.0703125
1 0.8356597231672247 0.18203125 0.024055644417413903 0.10625
0 0.8823034398915415 0.0875 0.019413596212812224 0.1140625
0 0.9520472715682182 0.31953125 0.021576059912066726 0.2171875
0 0.9763064073032293 0.446875 0.0303420058537327 0.1125