0 0.04038150108015451 0.7130221747662309 0.01818743949875795 0.1719749939498758
1 0.10243204918656054 0.655631855582586 0.019277240826617838 0.09073408430895533
1 0.11227974785870068 0.5743273134281083 0.019440867290050966 0.11885908430895534
0 0.20279059748935832 0.7277017774219507 0.019759029857837618 0.17354658430895534
1 0.2960360825604395 0.8138751058771735 0.022420421544777015 0.09387726502711473
1 0.3737434469236242 0.7509251331027326 0.0209488251355733 0.10949317466803485
1 0.4428161546709507 0.6950564073032293 0.02083974082661797 0.09074317466803503
1 0.46668544672723244 0.6207013019170351 0.019531770880847076 0.13448408430895534
1 0.526714952580965 0.5078558682720097 0.025881764830722888 0.15170794574527377
1 0.5412501512531052 0.426524055040293 0.017932909444528633 0.1282249939498758
1 0.624567687062871 0.2049530611886131 0.015988614363184793 0.06259090359079619
1 0.6458932412194013 0.16498659134103827 0.015961343285945874 0.057903403590796196
0 0.6841426749626226 0.17023262754358762 0.016543126267041332 0.1579034035907962
0 0.7272381691088902 0.2824780974893583 0.01647040339440444 0.1454034035907962
1 0.7359682744950844 0.2589906005144204 0.022984023807713427 0.19075226502711465
1 0.7980324581401099 0.19925653133077553 0.017732921544777014 0.09384999394987581
1 0.8314812832756833 0.08969063379010356 0.015979524004104916 0.0610284035907962
0 0.8576483526557197 0.15750484768575007 0.01663402985783762 0.17352840359079616
1 0.8746222292173489 0.19412360373587428 0.019286331185697492 0.09229658430895542
0 0.9066847745932802 0.32283895619520225 0.01832379488495235 0.1954124939498758