0 0.07313505649422129 0.48515625 0.02308401775758915 0.2078125
1 0.12601916197861143 0.44375 0.019304511903856715 0.0953125
1 0.2148215449831481 0.13046875 0.01758747579950324 0.06875
0 0.41179758069471806 0.41640625 0.02140334308955403 0.1875
0 0.48519924013924676 0.54453125 0.025119216429729363 0.2890625
0 0.5465508723582164 0.75 0.029197662371394983 0.184375
1 0.5654185261454044 0.6359375 0.021530608116668758 0.209375
1 0.6056248487468949 0.4296875 0.01791472872636941 0.125
1 0.6714674964839586 0.3328125 0.016024975799503238 0.06875
1 0.697402761707465 0.225 0.01823289129415606 0.1796875
0 0.7507459303253758 0.2625 0.01290906615858276 0.0703125
0 0.7732390747427897 0.36875 0.027744246680350314 0.203125
0 0.891703770193476 0.58828125 0.027653343089554028 0.1875
0 0.9698929235878804 0.73359375 0.019668126267041685 0.1578125