0 0.9269287187674203 0.7397428570365143 0.015988614363184793 0.06259090359079629
0 0.7481133723582165 0.754327010921898 0.016106789031219648 0.08290340359079629
0 0.6650327067653677 0.7077514718906783 0.020967005853732346 0.11261817466803503
0 0.6551304659387499 0.6170719297362005 0.019513590162688034 0.13135908430895532
0 0.6136191559284873 0.46449183040013053 0.01778746369925486 0.1032249939498758
0 0.6061470235131259 0.38866967378427225 0.02120335518980241 0.15324317466803503
1 0.592411776439992 0.4448378605525557 0.01704309601642038 0.2438409035907963
1 0.5214730834251926 0.6053572040348932 0.016106789031219648 0.08290340359079629
0 0.4793906434354554 0.7574509691602038 0.014480656517662283 0.07195681323171658
0 0.450656589377121 0.6525998426967707 0.019395415494652825 0.11104658430895534
0 0.4314338907049809 0.5712407583878153 0.014916993753483964 0.14695681323171658
0 0.12137763465485665 0.5866238221105112 0.01618860226293628 0.09696590359079629