0 0.0171875 0.37734375 0.015625 0.0921875
0 0.07578125 0.528125 0.015625 0.1546875
0 0.14375 0.70078125 0.0140625 0.16953125
1 0.1953125 0.6453125 0.01640625 0.0796875
1 0.20546875 0.56796875 0.0171875 0.11953125
0 0.2828125 0.7078125 0.01328125 0.1640625
1 0.36171875 0.7828125 0.0203125 0.09296875
1 0.43203125 0.725 0.015625 0.1078125
1 0.49140625 0.67421875 0.01484375 0.09453125
1 0.5109375 0.6 0.0171875 0.1234375
1 0.565625 0.4953125 0.0171875 0.1484375
1 0.57734375 0.4125 0.0203125 0.11953125
1 0.6515625 0.20859375 0.01640625 0.05625
1 0.6703125 0.16875 0.01640625 0.05390625
0 0.70390625 0.1734375 0.00859375 0.153125
0 0.74375 0.275 0.009375 0.13515625
1 0.80625 0.19296875 0.01484375 0.0875
0 0.859375 0.15078125 0.0125 0.16640625
0 0.9046875 0.30546875 0.01328125 0.18046875
1 0.875 0.18671875 0.01640625 0.08828125