0 0.09375 0.55390625 0.025 0.178125
0 0.16875 0.69140625 0.0171875 0.1484375
1 0.22109375 0.56875 0.01875 0.1109375
1 0.2171875 0.640625 0.015625 0.075
0 0.30859375 0.696875 0.01875 0.153125
1 0.3921875 0.76328125 0.0171875 0.0875
1 0.525 0.58828125 0.015625 0.1109375
1 0.57265625 0.4921875 0.015625 0.13125
1 0.57734375 0.4125 0.015625 0.1078125
1 0.6359375 0.2234375 0.0109375 0.05625
1 0.6515625 0.18671875 0.0125 0.053125
0 0.728125 0.284375 0.015625 0.1234375
0 0.88515625 0.3078125 0.0203125 0.16875