0 0.09140625 0.52734375 0.021875 0.175
0 0.15703125 0.659375 0.0125 0.1390625
1 0.16484375 0.6671875 0.009375 0.125
1 0.2046875 0.6140625 0.0125 0.06875
1 0.2109375 0.54609375 0.0140625 0.1
0 0.28984375 0.6703125 0.015625 0.140625
1 0.36796875 0.7375 0.015625 0.0765625
1 0.3609375 0.79609375 0.0125 0.0671875
1 0.43046875 0.68359375 0.009375 0.0875
1 0.48515625 0.6390625 0.009375 0.0734375
1 0.50078125 0.575 0.0125 0.103125
1 0.54765625 0.48203125 0.0125 0.121875
1 0.5546875 0.4109375 0.0125 0.1015625
1 0.61796875 0.2296875 0.0125 0.04375
1 0.63359375 0.19609375 0.009375 0.0453125
0 0.665625 0.20078125 0.0140625 0.13125
0 0.70390625 0.290625 0.0125 0.1171875
1 0.7109375 0.27109375 0.0140625 0.15625
1 0.7578125 0.2203125 0.0109375 0.0765625
1 0.78046875 0.13125 0.0125 0.05
0 0.80546875 0.18359375 0.0125 0.14375
1 0.82109375 0.2140625 0.0125 0.0765625
1 0.85234375 0.31875 0.0140625 0.159375