0 0.065625 0.556631795081344 0.025 0.18764544574527378
0 0.14140625 0.6945726774967055 0.015625 0.1532159035907963
0 0.19296875 0.6448726593463328 0.0109375 0.08443863251355736
1 0.2 0.5714760659621911 0.0171875 0.10791249394987582
0 0.28828125 0.7016771712501895 0.0171875 0.1563499939498758
1 0.36953125 0.8388686199223295 0.0171875 0.0750999939498758
1 0.44609375 0.7143140475172309 0.015625 0.10165340359079629
1 0.45078125 0.6479350685944697 0.0125 0.050072722872636886
1 0.50390625 0.6615253908031767 0.0140625 0.08289431323171659
1 0.51875 0.5889554992144331 0.015625 0.11415340359079629
1 0.56875 0.4869026407049809 0.0140625 0.1344568132317164
1 0.575 0.40725150214129935 0.015625 0.11571590359079612
1 0.63984375 0.20450375204310345 0.0140625 0.05476931323171659
1 0.65625 0.16788045081343944 0.0140625 0.05164431323171659
1 0.6640625 0.12808215260883754 0.0125 0.04538522287263693
0 0.690625 0.17276793871319102 0.0140625 0.1422693132317166
0 0.73515625 0.2691207639469601 0.015625 0.12977840359079612
1 0.79375 0.1882116524124458 0.0140625 0.08601931323171659
1 0.81640625 0.09068721261910026 0.015625 0.05477840359079618
0 0.84375 0.14787754390299357 0.015625 0.1547784035907962
1 0.8609375 0.18079003785286935 0.0140625 0.08289431323171655
0 0.89765625 0.2927224112912404 0.01875 0.17510908430895541