0 0.1921875 0.739506885833207 0.01875 0.19385908430895532
1 0.096875 0.5627176477370637 0.0265625 0.13296703610435348
1 0.2890625 0.8358182835702707 0.025 0.10014544574527377
1 0.4890625 0.6307484676080797 0.025 0.14233294574527378
1 0.56171875 0.5154820159108774 0.0265625 0.16734203610435347
1 0.57890625 0.4177257719610016 0.025 0.14233294574527394
1 0.68359375 0.17961671790266726 0.021875 0.06575226502711465
1 0.7078125 0.13650706733693316 0.01875 0.05948408430895542
0 0.7921875 0.2774224379466338 0.0125 0.15476022287263697
0 0.8640625 0.1996605314289714 0.015625 0.0688409035907962
1 0.87578125 0.18084235373587426 0.0203125 0.10636817466803503
0 0.925 0.0868060074248663 0.0140625 0.11258181323171654
0 0.98828125 0.32159409788214177 0.0125 0.21569772287263697