0 0.875 0.46953125 0.009375 0.090625
1 0.83671875 0.40859375 0.009375 0.16875
1 0.82265625 0.528125 0.009375 0.06328125
1 0.78515625 0.54296875 0.0109375 0.08203125
1 0.7625 0.6703125 0.009375 0.1375
0 0.74765625 0.7046875 0.009375 0.12265625
0 0.73671875 0.57578125 0.01328125 0.090625
0 0.7203125 0.51171875 0.009375 0.16328125
1 0.55625 0.35625 0.01015625 0.07890625
1 0.54765625 0.453125 0.009375 0.08828125
0 0.5015625 0.48359375 0.009375 0.1359375
1 0.46328125 0.3625 0.00859375 0.075
0 0.421875 0.37890625 0.01875 0.10078125
1 0.146875 0.42734375 0.00859375 0.065625
1 0.065625 0.534375 0.00859375 0.0953125