0 0.13702938485124838 0.45625 0.020377174275251562 0.2796875
0 0.1920088181034904 0.775 0.019886294884952214 0.1953125
1 0.21352929409938531 0.7140625 0.024701059912066902 0.2171875
1 0.24668618598271652 0.5046875 0.01777837334017516 0.1015625
1 0.3099038034691592 0.49375 0.011264752926866262 0.05625
1 0.3277220416634984 0.33359375 0.025010132120773854 0.2703125
0 0.39030840007475476 0.3484375 0.014835180521767554 0.1328125
0 0.4987804719888741 0.59609375 0.016406770880847077 0.134375
1 0.6135878605525557 0.58984375 0.02092155405833438 0.1046875
0 0.7025917940993853 0.7140625 0.01958631303532492 0.14375
1 0.8374753333269969 0.6671875 0.017860186571891746 0.115625
1 0.9015145865484506 0.52890625 0.017832915494652823 0.1109375
1 0.9405038427949666 0.38203125 0.017832915494653177 0.1109375