1 0.64375 0.3546875 0.01015625 0.0984375
0 0.6828125 0.45078125 0.0078125 0.1234375
0 0.875 0.471875 0.00859375 0.0890625
0 0.84609375 0.3703125 0.00625 0.0875
1 0.83671875 0.41640625 0.00703125 0.1796875
1 0.82265625 0.52578125 0.00703125 0.05703125
0 0.8046875 0.53125 0.00859375 0.07890625
1 0.78515625 0.54140625 0.00703125 0.0796875
1 0.7625 0.66953125 0.0078125 0.13671875
0 0.74765625 0.70546875 0.0078125 0.11953125
0 0.7203125 0.5140625 0.00703125 0.15625
0 0.5015625 0.484375 0.00703125 0.1296875
0 0.484375 0.36640625 0.0109375 0.07734375
1 0.46328125 0.3640625 0.0078125 0.08125
0 0.42578125 0.37578125 0.0078125 0.1015625
1 0.3 0.22578125 0.0078125 0.078125
1 0.146875 0.4265625 0.00859375 0.0640625
0 0.01953125 0.6078125 0.009375 0.05
0 0.015625 0.55859375 0.00859375 0.0625
1 0.065625 0.53203125 0.01015625 0.09765625