0 0.020656371002484103 0.34375 0.020867011903856682 0.0953125
0 0.07521153991498253 0.50078125 0.02281130698520064 0.1609375
0 0.13821955826174687 0.68203125 0.021330620216917184 0.175
1 0.19322522082953347 0.62734375 0.020794289031219736 0.0828125
1 0.20697462432213382 0.546875 0.0225931383672898 0.1234375
0 0.28111558538910997 0.69453125 0.019740849139678395 0.1703125
1 0.35955822707604945 0.77421875 0.025563602262936237 0.096875
1 0.43411332036199524 0.71640625 0.020967005853732346 0.1125
1 0.4976809166730032 0.6671875 0.019322692622015934 0.0984375
1 0.5207780490883647 0.59140625 0.022620409444528634 0.128125
1 0.581547898326239 0.4859375 0.02432835518980241 0.153125
1 0.5976728680756178 0.4 0.02571813836728971 0.1234375
1 0.6824710906536672 0.19296875 0.019086343285945873 0.0578125
1 0.7038011899897373 0.15234375 0.019077252926866173 0.05625
0 0.7373631237329586 0.1578125 0.016543126267041332 0.1578125
0 0.7750262293155445 0.2640625 0.016443132317165522 0.140625
1 0.8419097231672247 0.18203125 0.01927724082661797 0.090625
0 0.8991818676828345 0.140625 0.019749939498758095 0.171875
0 0.9388705606976337 0.3015625 0.02140334308955403 0.1875
1 0.9138119942444634 0.17734375 0.02084883118569749 0.0921875