0 0.95703125 0.4515625 0.009375 0.1125
1 0.91484375 0.38203125 0.009375 0.221875
1 0.90078125 0.52265625 0.009375 0.075
1 0.859375 0.54453125 0.00625 0.084375
1 0.83359375 0.70625 0.009375 0.15
0 0.81953125 0.74375 0.009375 0.14375
0 0.8140625 0.65546875 0.0125 0.065625
0 0.80390625 0.5671875 0.0125 0.0796875
0 0.7859375 0.50390625 0.009375 0.203125
0 0.74140625 0.425 0.009375 0.1484375
0 0.5375 0.46875 0.0125 0.16875
0 0.51484375 0.31953125 0.015625 0.096875
1 0.490625 0.3171875 0.009375 0.103125
0 0.44296875 0.33046875 0.021875 0.11875
1 0.29453125 0.1328125 0.009375 0.09375
1 0.1234375 0.390625 0.0078125 0.084375
1 0.03515625 0.528125 0.0125 0.121875