0 0.03515625 0.5515625 0.02265625 0.190625
0 0.10703125 0.703125 0.01171875 0.16328125
1 0.16875 0.57578125 0.01640625 0.11171875
0 0.253125 0.7140625 0.01328125 0.15625
1 0.33828125 0.78984375 0.0171875 0.0859375
1 0.4078125 0.73515625 0.0140625 0.09453125
1 0.41796875 0.66875 0.0140625 0.04921875
1 0.46796875 0.684375 0.0140625 0.08359375
1 0.48671875 0.6140625 0.0140625 0.11640625
1 0.54140625 0.5171875 0.01640625 0.1375
1 0.5515625 0.43515625 0.0171875 0.115625
1 0.62265625 0.2359375 0.01640625 0.05625
0 0.6765625 0.20703125 0.0109375 0.14453125
0 0.71796875 0.3078125 0.01328125 0.13125
1 0.77890625 0.2328125 0.0140625 0.08359375
1 0.80625 0.13359375 0.0140625 0.05546875
1 0.8484375 0.22734375 0.0125 0.08203125
0 0.88046875 0.340625 0.01328125 0.17109375