0 0.00625 0.50625 0.0125 0.209375
1 0.0578125 0.46171875 0.0125 0.1
1 0.15390625 0.1515625 0.015625 0.065625
0 0.21796875 0.321875 0.0234375 0.234375
0 0.41640625 0.56640625 0.01875 0.2875
1 0.48515625 0.7734375 0.015625 0.178125
1 0.49296875 0.6609375 0.0171875 0.20625
1 0.5375 0.45859375 0.0125 0.121875
1 0.6078125 0.36328125 0.0140625 0.059375
1 0.63359375 0.25546875 0.0140625 0.184375
0 0.70703125 0.39609375 0.0234375 0.190625
0 0.74765625 0.45078125 0.0125 0.0796875
0 0.8203125 0.6234375 0.025 0.1921875